1009.0 -1.3447164266733735e-14
1017.417 -4.7526422084964825e-12
1025.834 -2.567788346324804e-11
1034.25 -4.360460324475316e-11
1042.667 -1.1711847363357317e-10
1051.084 -5.0568427669404295e-11
1059.5 -5.5811730168919434e-11
1067.917 -1.3637218402533542e-10
1076.333 -2.2763521107414533e-10
1084.75 -7.276514338584144e-10
1093.167 -4.496091274611958e-09
1101.583 -4.232228354282939e-09
1110.0 -2.6231774564149467e-08
1118.417 -7.889257842515871e-08
1126.833 -2.0584809979095957e-07
1135.25 -2.0017071784654247e-07
1143.666 -1.807071362474972e-07
1152.083 -4.684610623750143e-07
1160.5 -5.615707578967762e-07
1168.916 -4.383514422145594e-07
1177.333 -2.515196605753582e-07
1185.75 -1.5981971018431976e-07
1194.166 -9.18454002941383e-08
1202.583 -4.425996585518617e-08
1210.999 -1.5514673265175253e-08
1219.416 -4.3817942166402895e-09
1227.833 -3.913729474551329e-09
1236.249 -3.783471017135569e-09
1244.666 -1.2702007234708065e-09
1253.083 -4.2026495634978805e-10
1261.499 -5.077817235399017e-10
1269.916 -6.656141053865273e-10
1278.332 -5.610549048625157e-10
1286.749 -7.383246366897306e-10
1295.166 -9.951636668617838e-10
1303.582 -1.5781722849000657e-08
1311.999 -9.761486214968582e-08
1320.416 -1.3164343686656963e-07
1328.832 -2.2909532268080496e-07
1337.249 -3.2306336817005915e-07
1345.665 -3.8984798075150853e-07
1354.082 -2.2172834532558773e-07
1362.499 -3.115374465147883e-10
1370.915 1.0881375903262295e-10
1379.332 4.0178943641062494e-11
1387.749 6.869543981566126e-11
1396.165 3.5480504892438846e-11
1404.582 -4.456357539428553e-09
1412.999 -7.081816164147374e-08
1421.415 -1.7522936940933476e-07
1429.832 -1.783807060839845e-07
1438.248 -8.979055341694885e-08
1446.665 -5.947552211137029e-08
1455.082 -4.558067872828369e-08
1463.498 -3.4562911223689964e-08
1471.915 -4.0892516406914276e-08
1480.332 -3.6533931848642676e-08
1488.748 -1.44318781867253e-08
1497.165 -8.075415145967741e-09
1505.581 -6.270058774679607e-09
1513.998 -5.147246372572467e-09
1522.415 -3.2158135875690075e-09
1530.831 -2.394657664561387e-09
1539.248 -1.894060209853122e-09
1547.665 -1.9272740341211516e-09
1556.081 -1.96057081176421e-09
1564.498 -1.7538507415922423e-09
1572.914 -1.5894095251267607e-09
1581.331 -1.8717476875522312e-09
1589.748 -2.1145696622332104e-09
1598.164 -5.217262606147311e-09
1606.581 -2.6186466609655947e-08
1614.998 -8.26016155462855e-08
1623.414 -2.87964266925069e-07
1631.831 -8.941644764538487e-07
1640.247 -1.2999435922918537e-06
1648.664 -1.2435469717989107e-06
1657.081 -8.198889073901724e-07
1665.497 -2.2188308281575374e-06
1673.914 -7.612458491726493e-07
1682.331 -6.837576762685465e-07
1690.747 -8.542499708008947e-07
1699.164 -1.0356680581231049e-06
1707.58 -1.2934475450631905e-06
1715.997 -5.617117189840098e-07
1724.414 -1.0807856725818343e-06
1732.83 -8.973107254869853e-07
1741.247 -5.13507460259846e-07
1749.664 -2.952428165597566e-07
1758.08 -2.154259812970564e-07
1766.497 -4.2720611986233944e-07
1774.913 -7.0938284802393e-07
1783.33 -4.515566452073489e-07
1791.747 -7.831121431050663e-07
1800.163 -2.2272045048949985e-07
1808.58 -2.1970656874567306e-07
1816.997 -1.4154197103141816e-07
1825.413 -2.288064141130552e-09
1833.83 5.971709083569648e-10
1842.246 7.014677956726723e-10
1850.663 7.192158478567698e-10
1859.08 7.909119058237221e-10
1867.496 8.430514315469949e-10
1875.913 6.059805519047789e-10
1884.33 1.0214407186397849e-09
1892.746 9.69911513679427e-10
1901.163 6.425934574411937e-10
1909.579 9.65119606795238e-10
1917.996 9.644737171112383e-10
1926.413 -1.0310695744137458e-09
1934.829 -3.67545029310046e-08
1943.246 -7.236856415388045e-08
1951.663 -7.269591880768596e-08
1960.079 -7.952458228054994e-08
1968.496 -8.598742744333413e-08
1976.913 -8.533640874638929e-08
1985.329 -8.435716441824952e-08
1993.746 -8.22268615233731e-08
2002.162 -8.326183044584837e-08
2010.579 -8.668361513644453e-08
2018.996 -8.526768439210746e-08
2027.412 -8.637542055022632e-08
2035.829 -9.034485792413431e-08
2044.246 -9.219966200292452e-08
2052.662 -9.433322321283208e-08
2061.079 -9.699900005764531e-08
2069.495 -9.483036547593529e-08
2077.912 -9.63380172162116e-08
2086.329 -9.758247666612878e-08
2094.745 -9.85178660676878e-08
2103.162 -1.0083293277772659e-07
2111.579 -1.0735809081059839e-07
2119.995 -1.2327938759928807e-07
2128.412 -1.5876665202739838e-07
2136.828 -2.3696382922821216e-07
2145.245 -3.407339198009902e-07
2153.662 -5.943688176898505e-07
2162.078 -8.999524947302591e-07
2170.495 -1.021257146418699e-06
2178.912 -8.179896868146706e-07
2187.328 -4.717289861515652e-07
2195.745 -2.447411797539065e-06
2204.161 -4.69307823097118e-06
2212.578 -1.2677270847789056e-06
2220.995 -2.324361578166499e-06
2229.411 -3.567425996107181e-06
2237.828 -4.945016704469842e-06
2246.245 -6.332158551815614e-06
2254.661 -6.866881713738137e-06
2263.078 -7.894578250598537e-06
2271.494 -7.179469307416509e-06
2279.911 -7.391609123613163e-06
2288.328 -8.801929123481558e-06
2296.744 -1.1823745228097736e-05
2305.161 -9.280753249358869e-06
2313.578 -6.386991920564808e-06
2321.994 -1.1032332600194033e-05
2330.411 -7.214174047300176e-06
2338.827 -1.1977021269644502e-05
2347.244 -1.5879028341706574e-05
2355.661 -1.1214085964605693e-05
2364.077 -6.787860539417028e-06
2372.494 -1.5541409286588845e-05
2380.911 -8.189968877575484e-06
2389.327 -7.66596597117138e-06
2397.744 -6.632654650245092e-06
2406.16 -4.9898883669474985e-06
2414.577 -2.5159570441193124e-06
2422.994 -3.2248680183870712e-06
2431.41 -2.340285286129057e-06
2439.827 -1.5021878181357104e-06
2448.244 -1.4220851173806534e-06
2456.66 -9.495192575674901e-07
2465.077 -5.720535336311281e-07
2473.494 -5.192587097501216e-07
2481.91 -3.360218611455432e-07
2490.327 -2.732104384952649e-07
2498.743 -3.0864957362364266e-07
