1009.0 -8.181105246139267e-15
1017.417 -2.9985112809056696e-12
1025.834 -2.0692905939099576e-11
1034.25 -3.6376648596995666e-11
1042.667 -8.318139401557126e-11
1051.084 -5.909255893802159e-11
1059.5 -7.987586779702859e-11
1067.917 -1.2173179492582474e-10
1076.333 -2.1465072413399794e-10
1084.75 -7.155674773871072e-10
1093.167 -4.3370348416375115e-09
1101.583 -4.103486114478175e-09
1110.0 -2.5399776231384593e-08
1118.417 -7.661548513974763e-08
1126.833 -2.015302439174654e-07
1135.25 -1.978470689854155e-07
1143.666 -1.7780184639385157e-07
1152.083 -4.5492984608269126e-07
1160.5 -5.474321702408133e-07
1168.916 -4.244781716250612e-07
1177.333 -2.453722837203418e-07
1185.75 -1.5552202791163827e-07
1194.166 -9.103601275180054e-08
1202.583 -4.4412453866551944e-08
1210.999 -1.5355649100571434e-08
1219.416 -4.454439693517995e-09
1227.833 -4.198287717880382e-09
1236.249 -3.731474592231745e-09
1244.666 -1.3529757130528924e-09
1253.083 -4.408421762606182e-10
1261.499 -4.948509465513588e-10
1269.916 -6.129109884747212e-10
1278.332 -5.002198851258737e-10
1286.749 -6.476117655154894e-10
1295.166 -9.276514975868336e-10
1303.582 -1.5307428149418792e-08
1311.999 -9.542442570581617e-08
1320.416 -1.2904196449281155e-07
1328.832 -2.2398209305211552e-07
1337.249 -3.1834460241195976e-07
1345.665 -3.845647933893114e-07
1354.082 -2.1867078520305955e-07
1362.499 -3.11890193185125e-10
1370.915 9.35585544578955e-11
1379.332 7.329467839361102e-11
1387.749 6.945751733047029e-11
1396.165 3.047864875653649e-11
1404.582 -4.377028486806734e-09
1412.999 -6.901956420265475e-08
1421.415 -1.739790495603421e-07
1429.832 -1.6696662208606595e-07
1438.248 -8.669637515488113e-08
1446.665 -5.941591940030956e-08
1455.082 -4.539044877754685e-08
1463.498 -3.445233937352594e-08
1471.915 -4.0514331483158205e-08
1480.332 -3.5092592892652776e-08
1488.748 -1.4369599473270099e-08
1497.165 -8.310591227830547e-09
1505.581 -6.26390512771056e-09
1513.998 -4.922276904610934e-09
1522.415 -3.0863589942793816e-09
1530.831 -2.18222106212148e-09
1539.248 -1.890470967245278e-09
1547.665 -1.8288691975742807e-09
1556.081 -1.88042362836873e-09
1564.498 -1.6578777686975043e-09
1572.914 -1.488346418532409e-09
1581.331 -1.6445777477413648e-09
1589.748 -1.9620327310971857e-09
1598.164 -5.242803615765388e-09
1606.581 -2.6539675005416362e-08
1614.998 -8.034093739756689e-08
1623.414 -2.850210268400616e-07
1631.831 -8.863630941283741e-07
1640.247 -1.2707944359416944e-06
1648.664 -1.213337290186196e-06
1657.081 -8.051522863295085e-07
1665.497 -2.174958259254571e-06
1673.914 -7.475915088765591e-07
1682.331 -6.674477249818718e-07
1690.747 -8.397585289381743e-07
1699.164 -1.0282472455855572e-06
1707.58 -1.2883643284934407e-06
1715.997 -5.557664816211081e-07
1724.414 -1.0703707682965035e-06
1732.83 -8.884433984356147e-07
1741.247 -5.029416404051e-07
1749.664 -2.86718279254683e-07
1758.08 -2.0704792133712549e-07
1766.497 -4.161102474256256e-07
1774.913 -6.925548601317605e-07
1783.33 -4.3963828060705834e-07
1791.747 -7.675248030074092e-07
1800.163 -2.161158986716122e-07
1808.58 -2.1141454171338859e-07
1816.997 -1.369739031842613e-07
1825.413 -2.0243875000360397e-09
1833.83 7.194045393444561e-10
1842.246 7.840712491235378e-10
1850.663 7.148655685831996e-10
1859.08 8.128433192727622e-10
1867.496 8.97863230149412e-10
1875.913 6.99951712846583e-10
1884.33 9.976884426456764e-10
1892.746 1.0062228036359397e-09
1901.163 7.426724909530246e-10
1909.579 9.99661049977386e-10
1917.996 1.0457010132584625e-09
1926.413 -6.07047776149729e-10
1934.829 -3.060472548357563e-08
1943.246 -5.8705953144160294e-08
1951.663 -6.143058555653101e-08
1960.079 -6.774292225169439e-08
1968.496 -7.355211226446247e-08
1976.913 -7.238039266128582e-08
1985.329 -7.138465281019883e-08
1993.746 -6.905480884469345e-08
2002.162 -7.01332674818801e-08
2010.579 -7.285306353241352e-08
2018.996 -7.162984138707467e-08
2027.412 -7.229932442449767e-08
2035.829 -7.5851308983727e-08
2044.246 -7.745997103507677e-08
2052.662 -7.925939919306566e-08
2061.079 -8.151216169472009e-08
2069.495 -7.952770434238082e-08
2077.912 -8.073362255808999e-08
2086.329 -8.186125809488395e-08
2094.745 -8.274326728417096e-08
2103.162 -8.483194795399714e-08
2111.579 -9.151592198937035e-08
2119.995 -1.0712945980471905e-07
2128.412 -1.4077491335188651e-07
2136.828 -2.2167985903057818e-07
2145.245 -3.3604725655968834e-07
2153.662 -5.893636255456412e-07
2162.078 -8.939609982149637e-07
2170.495 -1.0081099915198788e-06
2178.912 -8.090268648890776e-07
2187.328 -4.6533617131227886e-07
2195.745 -2.4117544847006987e-06
2204.161 -4.646567188203893e-06
2212.578 -1.2535058939741057e-06
2220.995 -2.3053303761060293e-06
2229.411 -3.5310935302071605e-06
2237.828 -4.892739921350581e-06
2246.245 -6.257732810302693e-06
2254.661 -6.784373023181735e-06
2263.078 -7.785970670235571e-06
2271.494 -7.0541896161369125e-06
2279.911 -7.250177178522864e-06
2288.328 -8.6712916025754e-06
2296.744 -1.1667374212263168e-05
2305.161 -9.144863172041226e-06
2313.578 -6.20193818606649e-06
2321.994 -1.0833442491432248e-05
2330.411 -7.122297869411916e-06
2338.827 -1.1825200856756843e-05
2347.244 -1.5628483584158442e-05
2355.661 -1.0959015632636622e-05
2364.077 -6.630896356230469e-06
2372.494 -1.5188179380771209e-05
2380.911 -8.039889165230189e-06
2389.327 -7.518354430723035e-06
2397.744 -6.534334159355142e-06
2406.16 -4.908770362616515e-06
2414.577 -2.4835632669537246e-06
2422.994 -3.2000369552722247e-06
2431.41 -2.3179372137908116e-06
2439.827 -1.488606679593713e-06
2448.244 -1.4148938666368766e-06
2456.66 -9.471454450799565e-07
2465.077 -5.738050832500302e-07
2473.494 -5.166162695648314e-07
2481.91 -3.3227820137686645e-07
2490.327 -2.585405544374526e-07
2498.743 -3.0203450943241975e-07
