1009.0 -1.8727689325871847e-14
1017.417 -1.6021335063295608e-12
1025.834 -1.3962319012548098e-11
1034.25 -2.7966161109153563e-11
1042.667 -3.720683780306782e-11
1051.084 -5.4660080396463987e-11
1059.5 -8.267020061999062e-11
1067.917 -6.721441049001022e-11
1076.333 -8.114447269462157e-11
1084.75 -6.504663009920319e-10
1093.167 -4.0795692947922644e-09
1101.583 -3.9512725194608335e-09
1110.0 -2.3056601495041737e-08
1118.417 -6.754539574131973e-08
1126.833 -1.774675430954262e-07
1135.25 -1.6776277837190695e-07
1143.666 -1.4974369479554065e-07
1152.083 -4.0601299162839544e-07
1160.5 -4.981070683601921e-07
1168.916 -3.7085374013697293e-07
1177.333 -1.944748895016157e-07
1185.75 -1.2878952881057293e-07
1194.166 -7.800229358669913e-08
1202.583 -4.069453263902234e-08
1210.999 -1.4681005361427467e-08
1219.416 -4.5949986675027906e-09
1227.833 -4.455292737893989e-09
1236.249 -3.6349335441361943e-09
1244.666 -1.3845494462280167e-09
1253.083 -3.8221941101120866e-10
1261.499 -2.7460080105721376e-10
1269.916 -3.1061556108515486e-10
1278.332 -3.336168685367064e-10
1286.749 -3.4170709321752684e-10
1295.166 -5.676290055138867e-10
1303.582 -1.2833138069810132e-08
1311.999 -8.383679746552508e-08
1320.416 -1.1879025333148466e-07
1328.832 -1.9855951213345272e-07
1337.249 -2.869004009777261e-07
1345.665 -3.5452072585343414e-07
1354.082 -2.014413061784698e-07
1362.499 -2.558637281274286e-10
1370.915 7.052893200131999e-11
1379.332 5.274929720862476e-11
1387.749 6.705267891596238e-11
1396.165 -3.561112450733436e-11
1404.582 -3.976855203992884e-09
1412.999 -6.191036710584746e-08
1421.415 -1.6249276964767393e-07
1429.832 -1.4841978805546676e-07
1438.248 -7.465473753596276e-08
1446.665 -5.295254046464578e-08
1455.082 -3.84422637933466e-08
1463.498 -3.031611125907344e-08
1471.915 -3.478449555576372e-08
1480.332 -2.9549938920810268e-08
1488.748 -1.3313417880601553e-08
1497.165 -7.814923240144267e-09
1505.581 -5.688350526010093e-09
1513.998 -3.739773863540089e-09
1522.415 -2.0087470825198998e-09
1530.831 -1.3519458744615025e-09
1539.248 -1.1772348438145714e-09
1547.665 -1.0627212792497837e-09
1556.081 -1.0998343849054085e-09
1564.498 -9.857198962476616e-10
1572.914 -9.269324776308887e-10
1581.331 -8.270600591863524e-10
1589.748 -1.0993208448283164e-09
1598.164 -4.3494464092357915e-09
1606.581 -2.4163818341215353e-08
1614.998 -7.353262191411992e-08
1623.414 -2.825517190408886e-07
1631.831 -8.066893085422563e-07
1640.247 -1.0026574711352448e-06
1648.664 -9.76569761084621e-07
1657.081 -6.859237522071893e-07
1665.497 -1.7393478075216013e-06
1673.914 -6.328860232786805e-07
1682.331 -5.715688741813463e-07
1690.747 -7.47969716501517e-07
1699.164 -9.742634771640914e-07
1707.58 -1.2359059505139485e-06
1715.997 -5.231543001947516e-07
1724.414 -1.0143374407443017e-06
1732.83 -8.373779549711324e-07
1741.247 -4.6398186733632973e-07
1749.664 -2.580543713483873e-07
1758.08 -1.7848697403517134e-07
1766.497 -3.6696096473950153e-07
1774.913 -6.245682225159686e-07
1783.33 -3.8569887490615734e-07
1791.747 -6.909644762679089e-07
1800.163 -1.7578198248778422e-07
1808.58 -1.7050786186677157e-07
1816.997 -1.1805184615236488e-07
1825.413 -1.0226948761199771e-09
1833.83 8.158495174974682e-10
1842.246 7.953900917068546e-10
1850.663 8.029729148851758e-10
1859.08 8.774968407456389e-10
1867.496 8.837357474122395e-10
1875.913 8.399140901380161e-10
1884.33 1.2998026734461944e-09
1892.746 1.2921183132731837e-09
1901.163 1.0529448485779524e-09
1909.579 1.0958767223548004e-09
1917.996 1.4668206115966463e-09
1926.413 1.2747587658751555e-09
1934.829 -5.440727207440536e-09
1943.246 -1.3817997752868899e-08
1951.663 -9.404458461695984e-09
1960.079 -1.0027362610788964e-08
1968.496 -1.378170926896525e-08
1976.913 -1.0945673403599345e-08
1985.329 -8.989274304738473e-09
1993.746 -6.515539973886512e-09
2002.162 -6.967863160199763e-09
2010.579 -6.7569863261826225e-09
2018.996 -6.0428004737550464e-09
2027.412 -5.434255425365935e-09
2035.829 -6.1073027582525595e-09
2044.246 -6.241219859765302e-09
2052.662 -6.593108026420012e-09
2061.079 -6.857368967671525e-09
2069.495 -5.913308400861425e-09
2077.912 -6.1817816540373315e-09
2086.329 -6.3919333599405575e-09
2094.745 -6.661290855110462e-09
2103.162 -8.194810748668075e-09
2111.579 -1.2775466297361664e-08
2119.995 -2.462243983786224e-08
2128.412 -5.290113706466866e-08
2136.828 -1.3964656036718312e-07
2145.245 -2.9877618836256697e-07
2153.662 -5.626026385485376e-07
2162.078 -8.386271765696962e-07
2170.495 -9.232444452395462e-07
2178.912 -7.064439322733332e-07
2187.328 -4.059331541396846e-07
2195.745 -2.0683261283405454e-06
2204.161 -4.150794339951329e-06
2212.578 -1.1687633147384523e-06
2220.995 -2.091517728199114e-06
2229.411 -3.175789863346334e-06
2237.828 -4.416492575995306e-06
2246.245 -5.5548921590543075e-06
2254.661 -6.015700749263655e-06
2263.078 -6.6731699904417655e-06
2271.494 -5.904725418231367e-06
2279.911 -6.039911525485717e-06
2288.328 -7.432072750289851e-06
2296.744 -1.0078510525882236e-05
2305.161 -7.833311776731429e-06
2313.578 -4.587004498104105e-06
2321.994 -9.033086519965828e-06
2330.411 -6.2842662084989654e-06
2338.827 -1.0203721254464638e-05
2347.244 -1.3178494418234748e-05
2355.661 -8.74675227689238e-06
2364.077 -5.3083358670959945e-06
2372.494 -1.1943525351193262e-05
2380.911 -6.6338274106913585e-06
2389.327 -6.166172289120541e-06
2397.744 -5.630570458895164e-06
2406.16 -4.219044812719702e-06
2414.577 -2.2097063981671767e-06
2422.994 -2.995400361749846e-06
2431.41 -2.1530721522221966e-06
2439.827 -1.4134326198139683e-06
2448.244 -1.3512159284844908e-06
2456.66 -9.048675120229094e-07
2465.077 -5.504447266954798e-07
2473.494 -4.956813054398536e-07
2481.91 -3.1689366867231175e-07
2490.327 -2.496096559025334e-07
2498.743 -2.7803129403921666e-07
