1009.0 0.0
1017.417 0.0
1025.834 0.0
1034.25 0.0
1042.667 0.0
1051.084 0.0
1059.5 0.0
1067.917 -5.025555729145911e-16
1076.333 -9.957696144486743e-12
1084.75 -1.5943317040618331e-09
1093.167 -5.831443147512197e-09
1101.583 -1.391574766352468e-09
1110.0 -1.675592216202853e-08
1118.417 -6.238978991775192e-08
1126.833 -1.5933098608127476e-07
1135.25 -1.628090039141284e-07
1143.666 -1.3298299935768943e-07
1152.083 -3.5728301149487005e-07
1160.5 -3.9898899180627774e-07
1168.916 -2.68016155700776e-07
1177.333 -1.3263512712128276e-07
1185.75 -8.344707862171664e-08
1194.166 -6.745164320003499e-08
1202.583 -1.5132415583612602e-08
1210.999 8.421246082342733e-09
1219.416 1.1453689290179585e-09
1227.833 -3.2005256542581663e-09
1236.249 -8.506137906561168e-11
1244.666 -3.6715114877030366e-10
1253.083 -6.276186075989331e-11
1261.499 -2.1820060139043924e-10
1269.916 -8.822519597166554e-11
1278.332 -3.615459558129164e-10
1286.749 -1.0361047417400424e-09
1295.166 -4.593198997348394e-10
1303.582 -1.765566209829192e-08
1311.999 -6.67334599367902e-08
1320.416 -1.1841040800261442e-07
1328.832 -1.796402975887943e-07
1337.249 -2.3519845831322233e-07
1345.665 -2.87897204594826e-07
1354.082 -1.4877210020623185e-07
1362.499 -1.847616959254703e-10
1370.915 6.402405933079814e-12
1379.332 6.950825941394925e-11
1387.749 8.592328590308696e-11
1396.165 1.58132581474124e-11
1404.582 -1.659376748830904e-09
1412.999 -3.0345770876426505e-08
1421.415 -1.0398416027502399e-07
1429.832 -1.469608565620587e-07
1438.248 -8.952313416209663e-08
1446.665 -1.1666873585104319e-07
1455.082 -3.207188157362943e-08
1463.498 -2.731226629004372e-08
1471.915 -2.589212410930605e-08
1480.332 -1.6716020629953014e-09
1488.748 2.2904436116721667e-08
1497.165 -6.6902438419436e-09
1505.581 3.1041265670263907e-09
1513.998 -7.835564065255871e-09
1522.415 -4.377334363200421e-09
1530.831 1.523367856189845e-08
1539.248 -1.8332978126318369e-09
1547.665 -3.970273461796535e-09
1556.081 -3.2055692502256308e-09
1564.498 -4.0676652909943015e-09
1572.914 -3.2098910269595403e-09
1581.331 -3.4756303733873874e-09
1589.748 -3.783204011200752e-09
1598.164 -6.3140289861749405e-09
1606.581 -2.571621619292949e-08
1614.998 -6.201949565881592e-08
1623.414 -2.7912196699751837e-07
1631.831 -8.233749938357986e-07
1640.247 -1.072193422257076e-06
1648.664 -1.0800868050122838e-06
1657.081 -7.607670703386375e-07
1665.497 -2.0040195754069457e-06
1673.914 -6.815553585667871e-07
1682.331 -5.995173332988292e-07
1690.747 -7.214067600001854e-07
1699.164 -9.411965253887435e-07
1707.58 -1.1969330544312922e-06
1715.997 -5.059212596431552e-07
1724.414 -9.54334723725813e-07
1732.83 -8.0044639376369e-07
1741.247 -4.472694606876109e-07
1749.664 -2.4977983389568544e-07
1758.08 -1.8230143138471926e-07
1766.497 -3.4524065212421185e-07
1774.913 -5.492872206633147e-07
1783.33 -3.276876952374025e-07
1791.747 -6.314732001780203e-07
1800.163 -1.6321720005398163e-07
1808.58 -1.4326758226095015e-07
1816.997 -9.944195139439092e-08
1825.413 -8.540815216154602e-10
1833.83 2.6081162708227706e-10
1842.246 2.0610048923107135e-11
1850.663 5.262963045434184e-10
1859.08 2.1234582147777617e-10
1867.496 7.975494843569714e-10
1875.913 5.732642763860373e-10
1884.33 6.084956790942493e-10
1892.746 1.0222226947364145e-09
1901.163 2.763051013928651e-10
1909.579 1.0706229841622829e-09
1917.996 8.207493155650399e-10
1926.413 7.635987777674267e-10
1934.829 -4.705463166385633e-09
1943.246 -4.631158369804624e-09
1951.663 3.990496850296362e-09
1960.079 -6.593140357729222e-10
1968.496 4.472581597711538e-08
1976.913 -1.802617201233777e-09
1985.329 -5.107838105785265e-09
1993.746 -7.603777133393971e-09
2002.162 -1.9078201101506313e-08
2010.579 -1.4291103531848523e-08
2018.996 -1.67690455697243e-08
2027.412 -9.071663142516477e-09
2035.829 -8.797037672913598e-09
2044.246 -7.539423513561085e-09
2052.662 -8.568719713400336e-09
2061.079 -8.291190370393638e-09
2069.495 -7.011768425893212e-09
2077.912 -8.720691869840328e-09
2086.329 -1.1024165464281754e-08
2094.745 -1.0533233924865275e-08
2103.162 -9.069074547563592e-09
2111.579 -1.853610910513968e-08
2119.995 -4.541112317367865e-08
2128.412 -5.0032035197415873e-08
2136.828 -1.2227833203520713e-07
2145.245 -2.9001057166219e-07
2153.662 -5.225720888662194e-07
2162.078 -8.300191528714209e-07
2170.495 -9.21289905143259e-07
2178.912 -7.411201904431194e-07
2187.328 -3.9476432706627196e-07
2195.745 -2.081744090564358e-06
2204.161 -4.241952158402845e-06
2212.578 -1.1893141974921468e-06
2220.995 -2.14807601933157e-06
2229.411 -3.2791519007638635e-06
2237.828 -4.512050127068489e-06
2246.245 -5.750576603254317e-06
2254.661 -6.367173155752169e-06
2263.078 -7.161659693308325e-06
2271.494 -6.4813980101495814e-06
2279.911 -6.648000353134072e-06
2288.328 -8.113203731306397e-06
2296.744 -1.0863076541698707e-05
2305.161 -8.346145509504036e-06
2313.578 -5.283698390316075e-06
2321.994 -9.572087318798706e-06
2330.411 -6.689915486762559e-06
2338.827 -1.0746792953760835e-05
2347.244 -1.3707729197063698e-05
2355.661 -9.43862216615824e-06
2364.077 -6.00784332932639e-06
2372.494 -1.3075277144157244e-05
2380.911 -6.609466958766908e-06
2389.327 -6.358902810223703e-06
2397.744 -5.653183538181777e-06
2406.16 -4.163833095534685e-06
2414.577 -2.006718855399859e-06
2422.994 -2.791756787856844e-06
2431.41 -2.0407724944246654e-06
2439.827 -1.3521448683438152e-06
2448.244 -1.152451567224806e-06
2456.66 -8.35627343570023e-07
2465.077 -5.332548592440806e-07
2473.494 -3.9445136319673675e-07
2481.91 -2.3368896985222607e-07
2490.327 -1.5935926137098684e-07
2498.743 -2.550866924554517e-07
