1009.0 0.0
1017.417 0.0
1025.834 0.0
1034.25 0.0
1042.667 0.0
1051.084 0.0
1059.5 0.0
1067.917 -2.1176730402930176e-16
1076.333 -5.5183819139155226e-12
1084.75 -1.4747784695691427e-09
1093.167 -5.2705019576195185e-09
1101.583 -3.152129527269155e-10
1110.0 -1.1540919557615278e-08
1118.417 -6.129200186777812e-08
1126.833 -1.384457570657538e-07
1135.25 -1.4666908365683862e-07
1143.666 -1.417370227284883e-07
1152.083 -3.9580681994793437e-07
1160.5 -4.4682853789059053e-07
1168.916 -3.780582365160393e-07
1177.333 -1.830376676416713e-07
1185.75 -1.1697390862978915e-07
1194.166 -6.038086302288049e-08
1202.583 -1.990850217461385e-08
1210.999 -9.453412295768767e-09
1219.416 -7.292023781528463e-09
1227.833 1.8660215551958874e-10
1236.249 -2.5300754067733815e-09
1244.666 -3.9595997713050545e-10
1253.083 -3.379981793476348e-11
1261.499 -6.454070371529007e-10
1269.916 -6.779384200455065e-10
1278.332 -8.254316508225107e-10
1286.749 -5.791121572115391e-10
1295.166 -1.2125008598726589e-09
1303.582 -3.745894583702961e-09
1311.999 -6.556776609619708e-08
1320.416 -1.2582063878983557e-07
1328.832 -1.8246032805655198e-07
1337.249 -2.557604594305699e-07
1345.665 -3.0532127936911654e-07
1354.082 -1.5983548294558378e-07
1362.499 -2.1136653738119856e-10
1370.915 7.377960980293108e-11
1379.332 1.5594861584901052e-11
1387.749 4.046787227663945e-12
1396.165 -5.993464160015826e-11
1404.582 -3.3165960087797065e-09
1412.999 -6.41239069459514e-08
1421.415 -1.1037340448827708e-07
1429.832 -1.2384065536846314e-07
1438.248 -6.770199234997454e-08
1446.665 -5.7152686034505596e-08
1455.082 -3.367114353575578e-08
1463.498 -1.9776902484740036e-08
1471.915 -3.099398153578421e-08
1480.332 -1.974728665532238e-08
1488.748 -9.978877581668697e-09
1497.165 -3.817938891475955e-09
1505.581 -8.012981722337446e-09
1513.998 -1.1902379798958088e-08
1522.415 -5.256227709711674e-09
1530.831 -6.178829183432428e-09
1539.248 -5.068526116600213e-09
1547.665 -5.1941484217514895e-09
1556.081 -3.995548202669554e-09
1564.498 -3.3311189487050554e-09
1572.914 -4.886482094572597e-09
1581.331 -3.119650478667802e-09
1589.748 -4.919101768319167e-09
1598.164 -8.249087157101804e-09
1606.581 -1.9590764065017456e-08
1614.998 -6.488700644162714e-08
1623.414 -2.8606015831054123e-07
1631.831 -8.725046470202953e-07
1640.247 -1.204488000700475e-06
1648.664 -1.1649192326656103e-06
1657.081 -8.30228703696365e-07
1665.497 -2.2401560069197266e-06
1673.914 -7.586307733985845e-07
1682.331 -6.843406713066816e-07
1690.747 -7.766037138668702e-07
1699.164 -9.753023800200122e-07
1707.58 -1.1165262087933904e-06
1715.997 -5.145798238910196e-07
1724.414 -9.94657776043958e-07
1732.83 -8.191684718617229e-07
1741.247 -4.6667055292477556e-07
1749.664 -2.423751306660187e-07
1758.08 -1.626574812518388e-07
1766.497 -3.4450849899172053e-07
1774.913 -5.790642439102113e-07
1783.33 -3.4806666456748787e-07
1791.747 -6.384475488549226e-07
1800.163 -1.7699942710345504e-07
1808.58 -1.5024834430979157e-07
1816.997 -1.0287981815154885e-07
1825.413 -1.8509745833354532e-09
1833.83 5.230773556888853e-10
1842.246 5.267120998390656e-10
1850.663 5.959217438825642e-10
1859.08 1.6349617179474107e-10
1867.496 2.47166657922396e-10
1875.913 1.6697431284246055e-10
1884.33 2.492222999818446e-10
1892.746 5.713150777955959e-10
1901.163 6.700752054814174e-10
1909.579 9.988419751308213e-10
1917.996 9.48250079523546e-10
1926.413 3.04334603367067e-11
1934.829 -6.751205641022721e-09
1943.246 -1.707316206198929e-08
1951.663 -2.9915610159470505e-08
1960.079 -1.5941915657901737e-08
1968.496 -3.170294921567083e-08
1976.913 -1.2705413953036455e-08
1985.329 -4.5141990444088584e-09
1993.746 -1.1125848075694315e-08
2002.162 -1.5950073856183263e-08
2010.579 -2.0708361747739806e-08
2018.996 -2.7134358632273284e-08
2027.412 -1.2810345788598347e-08
2035.829 -8.220563900889086e-09
2044.246 -1.642176913493231e-08
2052.662 -1.2842936588856038e-08
2061.079 -1.0224278162714722e-08
2069.495 -1.062637361930102e-08
2077.912 -9.278034512517395e-09
2086.329 -1.80894288935937e-09
2094.745 -1.0965467696894542e-08
2103.162 -8.934322207428579e-09
2111.579 -2.198238302540939e-08
2119.995 -3.1477222570979704e-08
2128.412 -4.8629458689135635e-08
2136.828 -1.467780070865656e-07
2145.245 -2.926797772742262e-07
2153.662 -5.38075529263989e-07
2162.078 -8.360359918767622e-07
2170.495 -9.734006410100405e-07
2178.912 -8.291966142303574e-07
2187.328 -4.303845691847241e-07
2195.745 -2.313380324748126e-06
2204.161 -4.390067324692463e-06
2212.578 -1.1538627037622032e-06
2220.995 -2.234074924463224e-06
2229.411 -3.5080090590453638e-06
2237.828 -4.726682051018713e-06
2246.245 -6.153440479377743e-06
2254.661 -6.856685990753616e-06
2263.078 -7.865861218320373e-06
2271.494 -7.319665634506693e-06
2279.911 -7.414217629960275e-06
2288.328 -8.780196027683353e-06
2296.744 -1.1748377530888179e-05
2305.161 -9.244767429393371e-06
2313.578 -6.315257010331228e-06
2321.994 -1.077519421502913e-05
2330.411 -6.98700399549317e-06
2338.827 -1.1265903506441602e-05
2347.244 -1.4925320389486322e-05
2355.661 -1.068832162944597e-05
2364.077 -6.691597575358559e-06
2372.494 -1.5074183675785458e-05
2380.911 -7.236595102394112e-06
2389.327 -7.0904729170278505e-06
2397.744 -6.4271459757810705e-06
2406.16 -4.732743886691445e-06
2414.577 -2.1393941254368784e-06
2422.994 -2.815013237521798e-06
2431.41 -2.1601320165709095e-06
2439.827 -1.4302892297151627e-06
2448.244 -1.1795640476733478e-06
2456.66 -9.305327912377443e-07
2465.077 -4.921987747965079e-07
2473.494 -3.908876928706219e-07
2481.91 -2.1328460512459054e-07
2490.327 -1.5562268162917266e-07
2498.743 -1.635812382245233e-07
