1009.0 -3.264895434582208e-14
1017.417 -1.7734908349346488e-12
1025.834 -1.362892852172022e-11
1034.25 -2.7533489757228247e-11
1042.667 -3.678079348404964e-11
1051.084 -5.196902409545571e-11
1059.5 -7.899256450404144e-11
1067.917 -6.384770913647466e-11
1076.333 -8.11538389682404e-11
1084.75 -6.478650471036314e-10
1093.167 -4.053594893589926e-09
1101.583 -3.929238406180929e-09
1110.0 -2.286155591381847e-08
1118.417 -6.678912104740692e-08
1126.833 -1.7580704951404264e-07
1135.25 -1.657935737840696e-07
1143.666 -1.4767235945749896e-07
1152.083 -4.0332582369789246e-07
1160.5 -4.94814945801435e-07
1168.916 -3.683924708401321e-07
1177.333 -1.919058453063836e-07
1185.75 -1.260534297236164e-07
1194.166 -7.65410103880749e-08
1202.583 -4.0233218365405226e-08
1210.999 -1.4676621837830483e-08
1219.416 -4.591361831965587e-09
1227.833 -4.42900419810782e-09
1236.249 -3.597412125276395e-09
1244.666 -1.3798686012497033e-09
1253.083 -3.8363492367473337e-10
1261.499 -2.6492355104338846e-10
1269.916 -2.903157652154233e-10
1278.332 -3.203227942406191e-10
1286.749 -3.290606251173422e-10
1295.166 -5.58225030079821e-10
1303.582 -1.2608322101908466e-08
1311.999 -8.300180290184779e-08
1320.416 -1.1797751698232317e-07
1328.832 -1.96234877380758e-07
1337.249 -2.8397766385816807e-07
1345.665 -3.518191131099034e-07
1354.082 -1.9981693313884844e-07
1362.499 -2.5377356855229033e-10
1370.915 7.360570683142186e-11
1379.332 5.867392155666484e-11
1387.749 6.732629286150436e-11
1396.165 -3.515953315058584e-11
1404.582 -3.896605612099768e-09
1412.999 -6.095392174891709e-08
1421.415 -1.6107070664409883e-07
1429.832 -1.464188694189572e-07
1438.248 -7.35224288948907e-08
1446.665 -5.236468302933131e-08
1455.082 -3.790485943377046e-08
1463.498 -2.989653622874762e-08
1471.915 -3.4605065655762573e-08
1480.332 -2.920107851160116e-08
1488.748 -1.3145514470951488e-08
1497.165 -7.714305483879876e-09
1505.581 -5.635198480730024e-09
1513.998 -3.69808444881352e-09
1522.415 -1.9928949831790263e-09
1530.831 -1.3395199020714914e-09
1539.248 -1.1308736084383589e-09
1547.665 -1.024813618941904e-09
1556.081 -1.0574699952935378e-09
1564.498 -9.440529340170772e-10
1572.914 -9.011808560181085e-10
1581.331 -7.906201768812584e-10
1589.748 -1.054148462639927e-09
1598.164 -4.3105440139047174e-09
1606.581 -2.4048494929337905e-08
1614.998 -7.294531568656797e-08
1623.414 -2.8156675996627787e-07
1631.831 -7.977425769716923e-07
1640.247 -9.767555368957307e-07
1648.664 -9.558593975950146e-07
1657.081 -6.74791596537704e-07
1665.497 -1.6966218473329466e-06
1673.914 -6.213423884251333e-07
1682.331 -5.616792469046906e-07
1690.747 -7.381321225728921e-07
1699.164 -9.683768858196867e-07
1707.58 -1.230644395748031e-06
1715.997 -5.206046449132856e-07
1724.414 -1.0096720007326548e-06
1732.83 -8.334718453169677e-07
1741.247 -4.6147787933610046e-07
1749.664 -2.5605455537197735e-07
1758.08 -1.769887568958135e-07
1766.497 -3.6493916672288526e-07
1774.913 -6.208707950897991e-07
1783.33 -3.8236036017616393e-07
1791.747 -6.859605468309113e-07
1800.163 -1.7344613343292993e-07
1808.58 -1.6820502296225655e-07
1816.997 -1.1666929284471237e-07
1825.413 -9.782763127459255e-10
1833.83 8.200933129512862e-10
1842.246 8.086912510228191e-10
1850.663 8.150708424696331e-10
1859.08 8.778293933265419e-10
1867.496 8.76989720588764e-10
1875.913 8.520273694462475e-10
1884.33 1.307108895034849e-09
1892.746 1.293931218004206e-09
1901.163 1.0450640966304334e-09
1909.579 1.110903642475265e-09
1917.996 1.4796709456952353e-09
1926.413 1.3360476849943132e-09
1934.829 -4.467598962083325e-09
1943.246 -1.178678864907513e-08
1951.663 -7.22850183976299e-09
1960.079 -7.625292065979052e-09
1968.496 -1.1192725778974798e-08
1976.913 -8.441701394567734e-09
1985.329 -6.438772620848022e-09
1993.746 -3.858823077950766e-09
2002.162 -4.174541968345446e-09
2010.579 -3.9951385450234505e-09
2018.996 -3.274569708100708e-09
2027.412 -2.618116755306959e-09
2035.829 -3.1913625095653536e-09
2044.246 -3.245322912929609e-09
2052.662 -3.541760194070772e-09
2061.079 -3.7472995403984795e-09
2069.495 -2.8324287807779744e-09
2077.912 -3.0439330419033614e-09
2086.329 -3.2366392684051395e-09
2094.745 -3.496695149403872e-09
2103.162 -4.908814897707088e-09
2111.579 -9.51328425586124e-09
2119.995 -2.1355593529143403e-08
2128.412 -4.946667471577333e-08
2136.828 -1.359588044639176e-07
2145.245 -2.963090434802376e-07
2153.662 -5.590131476771584e-07
2162.078 -8.311902786546866e-07
2170.495 -9.136771802084098e-07
2178.912 -6.966835706913831e-07
2187.328 -4.005596846681339e-07
2195.745 -2.031908207998879e-06
2204.161 -4.095841288879043e-06
2212.578 -1.1592108110038843e-06
2220.995 -2.0699423504484594e-06
2229.411 -3.1393811762944e-06
2237.828 -4.3641152735896265e-06
2246.245 -5.4785586580821665e-06
2254.661 -5.934998080428316e-06
2263.078 -6.557573010812611e-06
2271.494 -5.793803236559345e-06
2279.911 -5.926071551356487e-06
2288.328 -7.313109050076277e-06
2296.744 -9.916269001226247e-06
2305.161 -7.703887638895392e-06
2313.578 -4.433924156868957e-06
2321.994 -8.852878892100007e-06
2330.411 -6.200640330252141e-06
2338.827 -1.003372610059567e-05
2347.244 -1.2931659828714987e-05
2355.661 -8.546134165809268e-06
2364.077 -5.190523502685896e-06
2372.494 -1.1629587021270851e-05
2380.911 -6.495828603136779e-06
2389.327 -6.034590912150005e-06
2397.744 -5.536228679529875e-06
2406.16 -4.1490032197988795e-06
2414.577 -2.180390943894043e-06
2422.994 -2.9741060476400186e-06
2431.41 -2.1360606950330385e-06
2439.827 -1.4075652509898156e-06
2448.244 -1.347072789972203e-06
2456.66 -9.030599532728004e-07
2465.077 -5.489961978152689e-07
2473.494 -4.941361891785569e-07
2481.91 -3.165602200576941e-07
2490.327 -2.493597403914562e-07
2498.743 -2.7585315170712954e-07
