1009.0 -6.029635029707851e-15
1017.417 -3.667725349762328e-12
1025.834 -3.059777806385019e-11
1034.25 -3.335873115352738e-11
1042.667 -4.041503847987673e-11
1051.084 -4.678130751178136e-11
1059.5 -8.119381331082248e-11
1067.917 -5.954651893301507e-11
1076.333 -6.092263121658213e-11
1084.75 -6.693184044348353e-10
1093.167 -4.051028943329384e-09
1101.583 -3.969130719952672e-09
1110.0 -2.283543635949167e-08
1118.417 -6.895460151405488e-08
1126.833 -1.7819506980841642e-07
1135.25 -1.6424314208634853e-07
1143.666 -1.4632888642353278e-07
1152.083 -4.023229281866706e-07
1160.5 -4.953716746240288e-07
1168.916 -3.651289083628843e-07
1177.333 -1.896469978721645e-07
1185.75 -1.2873680048533867e-07
1194.166 -7.722652215828133e-08
1202.583 -4.1479496125906845e-08
1210.999 -1.4950546923647895e-08
1219.416 -4.898002470526146e-09
1227.833 -4.393923891914375e-09
1236.249 -3.5000824433849913e-09
1244.666 -1.1722717604941272e-09
1253.083 -3.0767900773742156e-10
1261.499 -1.9822362069435005e-10
1269.916 -3.5439840336097865e-10
1278.332 -3.8502252226446947e-10
1286.749 -3.3120875243742204e-10
1295.166 -6.134027751244905e-10
1303.582 -1.2438219669783325e-08
1311.999 -8.386452198364243e-08
1320.416 -1.194528996425768e-07
1328.832 -1.9765570416060607e-07
1337.249 -2.7929627409658405e-07
1345.665 -3.5271990515081503e-07
1354.082 -2.01943497254446e-07
1362.499 -2.2111886341104283e-10
1370.915 2.9861903472711574e-11
1379.332 3.188188618911625e-11
1387.749 5.8648417149693e-11
1396.165 -7.32492293496321e-11
1404.582 -3.783579475471245e-09
1412.999 -5.933269365852241e-08
1421.415 -1.7359664703708763e-07
1429.832 -1.5508434356221112e-07
1438.248 -7.399172623202925e-08
1446.665 -5.5068961997648924e-08
1455.082 -3.6698323806123575e-08
1463.498 -3.018025470047163e-08
1471.915 -3.192853752033378e-08
1480.332 -2.658232384136961e-08
1488.748 -1.3442151901584831e-08
1497.165 -7.98219915643369e-09
1505.581 -5.550953668042992e-09
1513.998 -3.6132224152379263e-09
1522.415 -2.0727698790700442e-09
1530.831 -1.29723622174947e-09
1539.248 -1.0107849700774534e-09
1547.665 -8.458005433098863e-10
1556.081 -1.2828145000688523e-09
1564.498 -1.0732601016103564e-09
1572.914 -8.930084824598189e-10
1581.331 -6.835313416940268e-10
1589.748 -1.106561273531376e-09
1598.164 -4.396351245629473e-09
1606.581 -2.2910335323743022e-08
1614.998 -7.000997400877172e-08
1623.414 -2.829999744484402e-07
1631.831 -8.072186567714213e-07
1640.247 -9.965516891625868e-07
1648.664 -9.666273966965767e-07
1657.081 -6.833746346246328e-07
1665.497 -1.7273851001605508e-06
1673.914 -6.319467110425486e-07
1682.331 -5.692790636209178e-07
1690.747 -7.477911422238526e-07
1699.164 -9.780342320896011e-07
1707.58 -1.237172397775888e-06
1715.997 -5.24891265825517e-07
1724.414 -1.0155740200260292e-06
1732.83 -8.350468595298139e-07
1741.247 -4.609510657480864e-07
1749.664 -2.5736616199912934e-07
1758.08 -1.7802586667447373e-07
1766.497 -3.6481234418563524e-07
1774.913 -6.203115582431625e-07
1783.33 -3.826676671417088e-07
1791.747 -6.848759572402931e-07
1800.163 -1.756391626632752e-07
1808.58 -1.631832812617976e-07
1816.997 -1.154259888933511e-07
1825.413 -9.410116864320755e-10
1833.83 6.856664393160022e-10
1842.246 8.794016950586359e-10
1850.663 9.840258780472716e-10
1859.08 8.964947978860354e-10
1867.496 8.1820903795036e-10
1875.913 8.537238706615775e-10
1884.33 1.3432664236050721e-09
1892.746 1.2598775910143288e-09
1901.163 1.1462762531391322e-09
1909.579 1.2840682559675282e-09
1917.996 1.8122622138191417e-09
1926.413 1.802767850464575e-09
1934.829 -3.397804777527324e-10
1943.246 -9.581923614471101e-09
1951.663 -3.584665924178899e-09
1960.079 -3.343537181519667e-09
1968.496 -6.892441028975051e-09
1976.913 -4.394028794343714e-09
1985.329 -1.9188888748901982e-09
1993.746 7.016215866162254e-10
2002.162 3.103272884155738e-11
2010.579 9.607998556897209e-10
2018.996 1.967355224839476e-09
2027.412 2.250901711552212e-09
2035.829 2.2806171588891743e-09
2044.246 2.3624286845775364e-09
2052.662 1.8507296100685772e-09
2061.079 2.0274912465635013e-09
2069.495 2.6398747357773963e-09
2077.912 2.0331936613130213e-09
2086.329 2.2602219585669227e-09
2094.745 1.7857436345612668e-09
2103.162 6.609757975911855e-10
2111.579 -2.566176473153286e-09
2119.995 -1.3142571529112234e-08
2128.412 -4.0839748134477286e-08
2136.828 -1.3144426619833195e-07
2145.245 -2.952595355527251e-07
2153.662 -5.64926665516813e-07
2162.078 -8.414768905656774e-07
2170.495 -9.242559499080907e-07
2178.912 -7.048574289050537e-07
2187.328 -3.983117681262377e-07
2195.745 -2.0570309354032026e-06
2204.161 -4.1483721619514764e-06
2212.578 -1.1661727312980036e-06
2220.995 -2.0807928772583424e-06
2229.411 -3.1641849418210744e-06
2237.828 -4.41138896319667e-06
2246.245 -5.542260334390485e-06
2254.661 -5.9942696419625714e-06
2263.078 -6.647128626460213e-06
2271.494 -5.8709322803474455e-06
2279.911 -5.992738509846759e-06
2288.328 -7.388176762334672e-06
2296.744 -1.0040882601241607e-05
2305.161 -7.78928639819981e-06
2313.578 -4.532638748873845e-06
2321.994 -8.981024601193764e-06
2330.411 -6.25413603541747e-06
2338.827 -1.017775428025153e-05
2347.244 -1.3137807128223318e-05
2355.661 -8.660261835255075e-06
2364.077 -5.237694167050802e-06
2372.494 -1.1846983504115438e-05
2380.911 -6.587071310850541e-06
2389.327 -6.132429288450551e-06
2397.744 -5.622617982347929e-06
2406.16 -4.208176313169008e-06
2414.577 -2.208597923711602e-06
2422.994 -2.9979342961545653e-06
2431.41 -2.1565215810631174e-06
2439.827 -1.4034964459251621e-06
2448.244 -1.3435316438174588e-06
2456.66 -8.884973726968638e-07
2465.077 -5.445736084859961e-07
2473.494 -4.917492508027472e-07
2481.91 -3.117590060236824e-07
2490.327 -2.4988321120774347e-07
2498.743 -2.861849632115102e-07
