1009.0 5.459092970447577e-13
1017.417 1.20859449799754e-11
1025.834 -1.3331958025637694e-11
1034.25 -4.1345658588067576e-11
1042.667 -2.823242454795634e-11
1051.084 -6.090771057821893e-11
1059.5 -6.009140176193528e-11
1067.917 -5.687065681594215e-11
1076.333 -1.064998871323108e-10
1084.75 -6.222155553231727e-10
1093.167 -3.7198976064881644e-09
1101.583 -3.5349813668927864e-09
1110.0 -2.0006286755505177e-08
1118.417 -6.038579907207317e-08
1126.833 -1.6215641960846177e-07
1135.25 -1.5207585575065166e-07
1143.666 -1.287566890741394e-07
1152.083 -3.794869661422799e-07
1160.5 -4.7383405878096915e-07
1168.916 -3.5096975973688044e-07
1177.333 -1.747406844159996e-07
1185.75 -1.0558143145164979e-07
1194.166 -6.769923246526773e-08
1202.583 -3.536638174782559e-08
1210.999 -1.3841782689081667e-08
1219.416 -4.460570131769244e-09
1227.833 -4.3540107470820515e-09
1236.249 -2.998615472418371e-09
1244.666 -1.33228163488848e-09
1253.083 -3.926557359052416e-10
1261.499 -2.5401156800645776e-10
1269.916 -1.8908652193539105e-10
1278.332 -3.056549288547282e-10
1286.749 -1.96523853750878e-10
1295.166 -5.528064692466263e-10
1303.582 -1.1770081415327213e-08
1311.999 -7.760043190576355e-08
1320.416 -1.0901467709785731e-07
1328.832 -1.7997755288583967e-07
1337.249 -2.603243607969782e-07
1345.665 -3.3207113794131865e-07
1354.082 -1.8650102307491928e-07
1362.499 -1.9966527087928365e-10
1370.915 1.0118831752357552e-10
1379.332 9.994758378780853e-11
1387.749 1.4891565065476556e-10
1396.165 -5.760940724709688e-11
1404.582 -3.1717527682112166e-09
1412.999 -5.6170176943330173e-08
1421.415 -1.5549743586311296e-07
1429.832 -1.1670551112462288e-07
1438.248 -6.25273642108677e-08
1446.665 -4.744860503139895e-08
1455.082 -3.69818831315816e-08
1463.498 -2.921933747531838e-08
1471.915 -3.3611771158063786e-08
1480.332 -2.646896429723644e-08
1488.748 -9.97050973374819e-09
1497.165 -6.048274220216862e-09
1505.581 -5.063926616551686e-09
1513.998 -3.508376849529737e-09
1522.415 -1.548692217466571e-09
1530.831 -9.823826866100514e-10
1539.248 -6.807199883899924e-10
1547.665 -7.071302205069696e-10
1556.081 -7.144807410589445e-10
1564.498 -8.472314672530798e-10
1572.914 -7.5155725867561e-10
1581.331 -4.1698010734243063e-10
1589.748 -8.192010444969664e-10
1598.164 -4.118898539509186e-09
1606.581 -2.238409270353891e-08
1614.998 -6.767074247758592e-08
1623.414 -2.735598085687493e-07
1631.831 -7.204047758188201e-07
1640.247 -7.646740284736278e-07
1648.664 -7.892217055833221e-07
1657.081 -5.82805166367799e-07
1665.497 -1.3424484209639184e-06
1673.914 -5.249580242969988e-07
1682.331 -4.807244068731769e-07
1690.747 -6.530408221785606e-07
1699.164 -9.152459394637123e-07
1707.58 -1.186760409110938e-06
1715.997 -5.025780541680866e-07
1724.414 -9.716185499383662e-07
1732.83 -8.013223435487815e-07
1741.247 -4.448937168942917e-07
1749.664 -2.4318972147184043e-07
1758.08 -1.6798809172536333e-07
1766.497 -3.509492609480673e-07
1774.913 -5.945696324355702e-07
1783.33 -3.6136108132192536e-07
1791.747 -6.42731701661709e-07
1800.163 -1.615249483407286e-07
1808.58 -1.5420451921247176e-07
1816.997 -1.090777873528476e-07
1825.413 -7.172888044470167e-10
1833.83 9.42462551229296e-10
1842.246 8.623912619207801e-10
1850.663 6.294328641153017e-10
1859.08 9.43840025010514e-10
1867.496 1.139584618050907e-09
1875.913 8.949123771521451e-10
1884.33 1.2767557852342007e-09
1892.746 1.2671098700764524e-09
1901.163 8.240527530341446e-10
1909.579 1.0801862790986587e-09
1917.996 1.476757667421398e-09
1926.413 2.124339855701492e-09
1934.829 3.5543762131533934e-09
1943.246 -2.4348632068746375e-09
1951.663 5.100003197114728e-09
1960.079 6.973174710067978e-09
1968.496 8.064582249950466e-10
1976.913 3.5380878662753165e-09
1985.329 5.781554691852461e-09
1993.746 9.313596428088466e-09
2002.162 1.0517343866024244e-08
2010.579 9.576623097690304e-09
2018.996 1.0315412151518429e-08
2027.412 1.1576953225062974e-08
2035.829 1.0884518470196358e-08
2044.246 1.0785366860761672e-08
2052.662 1.102748060714828e-08
2061.079 1.1839628625389081e-08
2069.495 1.2037092375219338e-08
2077.912 1.1837079623927615e-08
2086.329 1.1928827474275002e-08
2094.745 1.2031823957033918e-08
2103.162 1.1066005907352259e-08
2111.579 7.560084835995211e-09
2119.995 -3.473083109520542e-09
2128.412 -3.254546272362724e-08
2136.828 -1.1747837179378205e-07
2145.245 -2.7838527595507227e-07
2153.662 -5.27155685485971e-07
2162.078 -7.606230108916099e-07
2170.495 -8.194254892177404e-07
2178.912 -6.076057421228192e-07
2187.328 -3.5936466080245066e-07
2195.745 -1.7136945871661717e-06
2204.161 -3.6170699068902574e-06
2212.578 -1.0713186325077836e-06
2220.995 -1.8876607113331353e-06
2229.411 -2.8269265990670194e-06
2237.828 -3.913303305556483e-06
2246.245 -4.8209720601737594e-06
2254.661 -5.244707897100226e-06
2263.078 -5.581643596752477e-06
2271.494 -4.879959825296601e-06
2279.911 -4.988842322726716e-06
2288.328 -6.324843463556293e-06
2296.744 -8.549340975419204e-06
2305.161 -6.608660896192467e-06
2313.578 -3.1864194200377428e-06
2321.994 -7.328475768236826e-06
2330.411 -5.484800818949856e-06
2338.827 -8.595132358592424e-06
2347.244 -1.0874077009211212e-05
2355.661 -6.921989450256684e-06
2364.077 -4.247144370961354e-06
2372.494 -9.043452799695994e-06
2380.911 -5.340930254096834e-06
2389.327 -4.948290117423212e-06
2397.744 -4.7353074804520795e-06
2406.16 -3.5613691317202468e-06
2414.577 -1.9276575228927482e-06
2422.994 -2.7928212582298653e-06
2431.41 -1.9906404372303583e-06
2439.827 -1.3588849932106864e-06
2448.244 -1.3200676141393612e-06
2456.66 -8.78614252034193e-07
2465.077 -5.23271504002557e-07
2473.494 -4.7248883750860044e-07
2481.91 -3.134065557773253e-07
2490.327 -2.495406265629878e-07
2498.743 -2.711271041946179e-07
