1009.0 0.0
1017.417 0.0
1025.834 2.494973924430321e-18
1034.25 1.2986031636223585e-13
1042.667 3.122654075917353e-11
1051.084 3.4795362128929996e-11
1059.5 3.212463987059378e-13
1067.917 3.4418825902841656e-11
1076.333 3.4915470279031314e-11
1084.75 -1.2069032715413259e-09
1093.167 -6.104186026871044e-09
1101.583 -2.2593147117510684e-09
1110.0 -1.9007526973798887e-08
1118.417 -4.9453279850586236e-08
1126.833 -1.437012171745117e-07
1135.25 -1.8173407389466974e-07
1143.666 -1.4740022241637235e-07
1152.083 -2.8661165534402573e-07
1160.5 -3.9775357092595514e-07
1168.916 -2.9266607933037583e-07
1177.333 -2.123572272922275e-07
1185.75 -1.3047733890889252e-07
1194.166 -5.1026693199612673e-08
1202.583 -2.8854835710594458e-08
1210.999 -1.4528784939572755e-08
1219.416 -4.9262136518996195e-09
1227.833 -4.037080396680192e-09
1236.249 -3.5948519936067207e-09
1244.666 -6.329771750706916e-10
1253.083 -2.692295533327005e-11
1261.499 -1.9821707529061552e-10
1269.916 -6.288498577886983e-10
1278.332 -2.7822338950430535e-10
1286.749 -8.134188009606839e-10
1295.166 -5.602060466534135e-10
1303.582 -1.3781325813789646e-08
1311.999 -8.290439132822811e-08
1320.416 -1.0597651825454652e-07
1328.832 -1.6435092487238126e-07
1337.249 -2.4324418177884116e-07
1345.665 -2.942718022715407e-07
1354.082 -1.5054771512906032e-07
1362.499 9.496001487624529e-11
1370.915 4.966116281491675e-10
1379.332 3.064054199680655e-10
1387.749 2.982716468046788e-10
1396.165 9.35694201329366e-11
1404.582 -2.619558560862485e-09
1412.999 -4.982858068211462e-08
1421.415 -9.616112100351754e-08
1429.832 -1.0257199989953991e-07
1438.248 -8.149842139842508e-08
1446.665 -4.566493534317005e-08
1455.082 -2.167582186846632e-08
1463.498 1.5290428876397195e-08
1471.915 -1.6557231566580998e-08
1480.332 -3.949199829107846e-08
1488.748 -3.5149833998730325e-08
1497.165 -1.0610347073202005e-08
1505.581 1.3144031027164573e-08
1513.998 4.980749579619407e-09
1522.415 -4.619919168804648e-09
1530.831 -4.061931220363693e-09
1539.248 -3.2222793598353334e-09
1547.665 -3.5379693162294756e-09
1556.081 -3.1757217611646156e-09
1564.498 -2.093306287782684e-09
1572.914 -3.9067507186806216e-09
1581.331 -3.5968304144992585e-09
1589.748 -3.869977657084021e-09
1598.164 -6.7968063835981565e-09
1606.581 -2.2125712586530433e-08
1614.998 -5.3073233593051216e-08
1623.414 -2.745552348646118e-07
1631.831 -7.79534817999371e-07
1640.247 -9.882850900569217e-07
1648.664 -1.0007805414587198e-06
1657.081 -6.85913069797737e-07
1665.497 -1.7903957746481763e-06
1673.914 -6.529550834210526e-07
1682.331 -5.519377800654228e-07
1690.747 -6.839511102049253e-07
1699.164 -9.261360444145483e-07
1707.58 -1.1588898506433764e-06
1715.997 -4.927969991099429e-07
1724.414 -9.837091962616232e-07
1732.83 -8.040874812693832e-07
1741.247 -4.262032305130975e-07
1749.664 -2.4473372486119587e-07
1758.08 -1.7362957889694413e-07
1766.497 -3.4617125825118846e-07
1774.913 -5.928564526547668e-07
1783.33 -3.203921816593969e-07
1791.747 -6.361651498395568e-07
1800.163 -1.7521591730581022e-07
1808.58 -1.4651335323255784e-07
1816.997 -1.0032427345814882e-07
1825.413 -9.841526581267422e-10
1833.83 9.620033874249415e-10
1842.246 6.393407463924161e-10
1850.663 8.067246958199675e-10
1859.08 1.3548168321435228e-09
1867.496 6.905360275464256e-10
1875.913 9.45355548701281e-10
1884.33 7.867254314197115e-10
1892.746 3.9628036644301495e-10
1901.163 5.789261977097249e-11
1909.579 7.37950996535017e-10
1917.996 9.513719053659686e-10
1926.413 5.993287974798762e-11
1934.829 -5.050556714284615e-09
1943.246 -7.838659274141363e-09
1951.663 -6.86786952746805e-09
1960.079 -1.3947736124165096e-08
1968.496 -2.104718416337633e-08
1976.913 -1.0003809816165634e-08
1985.329 -1.3283164467006414e-08
1993.746 -8.62677686667346e-09
2002.162 4.8534269635937655e-09
2010.579 1.980010847964739e-08
2018.996 3.281411279922201e-08
2027.412 -1.0140364294671994e-08
2035.829 -6.6181157658349565e-09
2044.246 -1.0563887011097553e-08
2052.662 -1.0620562389965226e-08
2061.079 -9.799163024942572e-09
2069.495 -9.423073806307507e-09
2077.912 -1.073239322370889e-08
2086.329 -9.238481758196538e-09
2094.745 -7.191001815198819e-09
2103.162 -1.1058776486743779e-08
2111.579 5.141529388094999e-09
2119.995 -2.4135221593669658e-08
2128.412 -5.259820300356306e-08
2136.828 -1.39129637506783e-07
2145.245 -2.6790963769047963e-07
2153.662 -5.058072719114789e-07
2162.078 -8.168963331900988e-07
2170.495 -8.931129959738227e-07
2178.912 -6.735341068135624e-07
2187.328 -3.9489687353320767e-07
2195.745 -1.982666364148475e-06
2204.161 -4.056705857791566e-06
2212.578 -1.1095646645258665e-06
2220.995 -2.0028203819598546e-06
2229.411 -3.1156600675972634e-06
2237.828 -4.23419166192318e-06
2246.245 -5.602014422615213e-06
2254.661 -6.158987308887481e-06
2263.078 -6.697981878810857e-06
2271.494 -6.048449719224833e-06
2279.911 -6.179797911059164e-06
2288.328 -7.566083376307457e-06
2296.744 -1.0390456595962515e-05
2305.161 -7.88971929565314e-06
2313.578 -4.60011103089481e-06
2321.994 -8.896778262799837e-06
2330.411 -6.311359469369051e-06
2338.827 -1.0074647799374932e-05
2347.244 -1.2806153259429167e-05
2355.661 -8.706122642471939e-06
2364.077 -5.492915834816286e-06
2372.494 -1.179165403041553e-05
2380.911 -6.11041962716585e-06
2389.327 -5.873354696584131e-06
2397.744 -5.420000355801718e-06
2406.16 -3.947863982280597e-06
2414.577 -1.958760266631549e-06
2422.994 -2.6975845902675197e-06
2431.41 -2.0892336716081435e-06
2439.827 -1.3464830318697253e-06
2448.244 -1.157035471589965e-06
2456.66 -8.036912668338072e-07
2465.077 -3.5501696733160225e-07
2473.494 -3.2161825841753385e-07
2481.91 -2.0531359893555338e-07
2490.327 -1.5337296926138232e-07
2498.743 -2.4071008832424966e-07
