1009.0 -4.202979970329623e-14
1017.417 -2.0297668257923045e-12
1025.834 -1.335594571179143e-11
1034.25 -2.7589553223371755e-11
1042.667 -3.7930037355014985e-11
1051.084 -5.092358200488954e-11
1059.5 -7.523934948745753e-11
1067.917 -6.394061011914427e-11
1076.333 -8.544083303675116e-11
1084.75 -6.420803400340632e-10
1093.167 -3.958575443464775e-09
1101.583 -3.836007291425666e-09
1110.0 -2.2427669801513325e-08
1118.417 -6.56616810845759e-08
1126.833 -1.7359611461375603e-07
1135.25 -1.6357741429491824e-07
1143.666 -1.450645530673925e-07
1152.083 -3.9968730665392656e-07
1160.5 -4.911796051782138e-07
1168.916 -3.6600379286451196e-07
1177.333 -1.894426084702142e-07
1185.75 -1.2200320854082588e-07
1194.166 -7.432772651309814e-08
1202.583 -3.920743081775878e-08
1210.999 -1.455180020241704e-08
1219.416 -4.565836633072962e-09
1227.833 -4.389148848592969e-09
1236.249 -3.5352515683748345e-09
1244.666 -1.3745182292104196e-09
1253.083 -3.8693838536907827e-10
1261.499 -2.656770685306909e-10
1269.916 -2.757618106990745e-10
1278.332 -3.136727960781866e-10
1286.749 -3.217675473839227e-10
1295.166 -5.764171208202097e-10
1303.582 -1.2376541272748009e-08
1311.999 -8.206340680963766e-08
1320.416 -1.1646585885368108e-07
1328.832 -1.9287660716440083e-07
1337.249 -2.797261089317943e-07
1345.665 -3.4757514868580173e-07
1354.082 -1.9749154944118107e-07
1362.499 -2.4885962433602154e-10
1370.915 8.375488701580157e-11
1379.332 6.625921645162717e-11
1387.749 8.013939198368755e-11
1396.165 -3.343897457049209e-11
1404.582 -3.799373922803358e-09
1412.999 -5.98380796819536e-08
1421.415 -1.5937038200858234e-07
1429.832 -1.4281612142422773e-07
1438.248 -7.167366174225767e-08
1446.665 -5.1057036205120275e-08
1455.082 -3.709472731664373e-08
1463.498 -2.9272394770130603e-08
1471.915 -3.4474191119256316e-08
1480.332 -2.8709377335492628e-08
1488.748 -1.2727228160936768e-08
1497.165 -7.500455812735133e-09
1505.581 -5.566865247260877e-09
1513.998 -3.6664885803684057e-09
1522.415 -2.003338852062756e-09
1530.831 -1.3433728103187923e-09
1539.248 -1.0904766305674614e-09
1547.665 -9.788892984990747e-10
1556.081 -1.0208667249701274e-09
1564.498 -9.370462570552057e-10
1572.914 -8.880915896180906e-10
1581.331 -7.692052602155506e-10
1589.748 -1.029502532520135e-09
1598.164 -4.311563353286845e-09
1606.581 -2.3876622814007544e-08
1614.998 -7.20799154435647e-08
1623.414 -2.800866353242283e-07
1631.831 -7.813887238147613e-07
1640.247 -9.338781564431693e-07
1648.664 -9.230845481386707e-07
1657.081 -6.565555148610139e-07
1665.497 -1.6248085742451352e-06
1673.914 -6.016227653723305e-07
1682.331 -5.447359736878998e-07
1690.747 -7.204610922212786e-07
1699.164 -9.576059938291946e-07
1707.58 -1.2215251249415563e-06
1715.997 -5.170106283135724e-07
1724.414 -1.0020357842123566e-06
1732.83 -8.275095934233962e-07
1741.247 -4.584858254786936e-07
1749.664 -2.541919425980544e-07
1758.08 -1.7579123432289353e-07
1766.497 -3.629739632824026e-07
1774.913 -6.165732132935962e-07
1783.33 -3.787256832684383e-07
1791.747 -6.785927775428665e-07
1800.163 -1.7155152129925556e-07
1808.58 -1.6621069419670292e-07
1816.997 -1.1523938658735305e-07
1825.413 -9.491885342995005e-10
1833.83 8.308474854545446e-10
1842.246 8.188130802651139e-10
1850.663 8.208839152602702e-10
1859.08 8.900235108114346e-10
1867.496 8.944397339752913e-10
1875.913 8.650403286381143e-10
1884.33 1.2977369539866736e-09
1892.746 1.2844878049594005e-09
1901.163 1.0259755818308919e-09
1909.579 1.117304155107267e-09
1917.996 1.4698128879132082e-09
1926.413 1.3901756903827353e-09
1934.829 -3.758504666979224e-09
1943.246 -1.0968836105217163e-08
1951.663 -6.234516001299934e-09
1960.079 -6.316334998268221e-09
1968.496 -9.875296505680472e-09
1976.913 -7.392919211942446e-09
1985.329 -5.376616798660289e-09
1993.746 -2.6653989014798724e-09
2002.162 -2.7803433662674346e-09
2010.579 -2.7710672911370377e-09
2018.996 -2.0807008354311896e-09
2027.412 -1.3696848554776348e-09
2035.829 -1.917820563278248e-09
2044.246 -1.9551424714979686e-09
2052.662 -2.2022626508842493e-09
2061.079 -2.344275471539344e-09
2069.495 -1.477851207282551e-09
2077.912 -1.681473022260055e-09
2086.329 -1.8308767177730963e-09
2094.745 -2.1253055268321213e-09
2103.162 -3.4234233292422044e-09
2111.579 -7.964760948408234e-09
2119.995 -1.9832702666414382e-08
2128.412 -4.796015311813819e-08
2136.828 -1.3390565214969938e-07
2145.245 -2.9301762365856443e-07
2153.662 -5.522274856060525e-07
2162.078 -8.172272994001886e-07
2170.495 -8.958927664339141e-07
2178.912 -6.795118600098938e-07
2187.328 -3.922043718347969e-07
2195.745 -1.9669824162021933e-06
2204.161 -3.996254331488232e-06
2212.578 -1.1416201980863885e-06
2220.995 -2.0316817128320855e-06
2229.411 -3.074492711941461e-06
2237.828 -4.269317289234044e-06
2246.245 -5.342682707517697e-06
2254.661 -5.791925285114544e-06
2263.078 -6.357063765974296e-06
2271.494 -5.608325594058229e-06
2279.911 -5.737181589169511e-06
2288.328 -7.1123412146516405e-06
2296.744 -9.634968311303369e-06
2305.161 -7.480746680296349e-06
2313.578 -4.185845183053864e-06
2321.994 -8.54458341674957e-06
2330.411 -6.053409670810128e-06
2338.827 -9.735853184511815e-06
2347.244 -1.2510796227120856e-05
2355.661 -8.223397319463333e-06
2364.077 -5.00421176335313e-06
2372.494 -1.1110808646352135e-05
2380.911 -6.2625841713198475e-06
2389.327 -5.81543164127571e-06
2397.744 -5.372431995090494e-06
2406.16 -4.028870828658815e-06
2414.577 -2.1281654861561604e-06
2422.994 -2.936118262724759e-06
2431.41 -2.1054861236091253e-06
2439.827 -1.3974903001028774e-06
2448.244 -1.3402933118267678e-06
2456.66 -8.990671734520359e-07
2465.077 -5.454100947035676e-07
2473.494 -4.903429055381755e-07
2481.91 -3.1487650000812705e-07
2490.327 -2.487286041570343e-07
2498.743 -2.735923579737456e-07
