1009.0 -2.5399349580626445e-14
1017.417 -8.640890637365835e-12
1025.834 -3.280038266602736e-11
1034.25 -6.513755247196183e-11
1042.667 -1.819202969098728e-10
1051.084 -6.059321909003553e-11
1059.5 -4.3760155573119976e-11
1067.917 -1.60123841209867e-10
1076.333 -2.691716926584737e-10
1084.75 -8.249161397705989e-10
1093.167 -4.573786167519708e-09
1101.583 -4.237647404346922e-09
1110.0 -2.7283208642853766e-08
1118.417 -8.217959167638349e-08
1126.833 -2.1094459991334376e-07
1135.25 -2.0509936586566402e-07
1143.666 -1.8686847501612325e-07
1152.083 -4.855112043859636e-07
1160.5 -5.872076809918755e-07
1168.916 -4.544098912851396e-07
1177.333 -2.562053822185255e-07
1185.75 -1.6198343353371444e-07
1194.166 -9.217942591679733e-08
1202.583 -4.4152521381388074e-08
1210.999 -1.580685500510612e-08
1219.416 -4.49385196592658e-09
1227.833 -3.5897181951716964e-09
1236.249 -3.8440618837340874e-09
1244.666 -1.1744291871931695e-09
1253.083 -3.756235354274713e-10
1261.499 -4.79550861992239e-10
1269.916 -7.07770088379998e-10
1278.332 -5.737347928645571e-10
1286.749 -7.581162097320968e-10
1295.166 -1.079784966264433e-09
1303.582 -1.601228259770546e-08
1311.999 -1.0005956642348121e-07
1320.416 -1.3448288394696597e-07
1328.832 -2.3690847722447856e-07
1337.249 -3.2682671930607274e-07
1345.665 -3.9542599716621637e-07
1354.082 -2.2825912371606583e-07
1362.499 -3.1218779959343727e-10
1370.915 8.70697655235706e-11
1379.332 2.996729122902089e-11
1387.749 1.435875866925825e-11
1396.165 2.8404185249059842e-11
1404.582 -4.714934672404052e-09
1412.999 -7.394432910509893e-08
1421.415 -1.824207828915e-07
1429.832 -1.8406422415112015e-07
1438.248 -8.885039306023277e-08
1446.665 -5.966183996591726e-08
1455.082 -4.5864735138999886e-08
1463.498 -3.4643796235927737e-08
1471.915 -4.280037107037282e-08
1480.332 -3.800036076405308e-08
1488.748 -1.4489970011414172e-08
1497.165 -8.075356377824757e-09
1505.581 -6.723030189481256e-09
1513.998 -5.283915100048227e-09
1522.415 -3.364030643986327e-09
1530.831 -2.275845539588806e-09
1539.248 -1.7978066372787742e-09
1547.665 -2.139503383454657e-09
1556.081 -1.971635708374341e-09
1564.498 -1.9974765304135883e-09
1572.914 -1.756541184505694e-09
1581.331 -2.222026541508881e-09
1589.748 -2.424032963422701e-09
1598.164 -5.471867789990119e-09
1606.581 -2.7467684906043407e-08
1614.998 -8.745529523246717e-08
1623.414 -2.9975936069777006e-07
1631.831 -9.058308711289618e-07
1640.247 -1.3290082469278225e-06
1648.664 -1.2835367295418616e-06
1657.081 -8.501329448469879e-07
1665.497 -2.267703418318605e-06
1673.914 -7.863413594408931e-07
1682.331 -7.066630473500328e-07
1690.747 -8.667627564342557e-07
1699.164 -1.0488560029592895e-06
1707.58 -1.3003999183943715e-06
1715.997 -5.729792876976846e-07
1724.414 -1.0953454418666256e-06
1732.83 -9.045078542714927e-07
1741.247 -5.220286035771015e-07
1749.664 -3.070777691277985e-07
1758.08 -2.2963200670350578e-07
1766.497 -4.4303065744053974e-07
1774.913 -7.347223415999159e-07
1783.33 -4.7077203219766714e-07
1791.747 -8.000555760482959e-07
1800.163 -2.351677491750941e-07
1808.58 -2.2636633801668537e-07
1816.997 -1.4439111779714404e-07
1825.413 -2.601390057748748e-09
1833.83 4.134607763568452e-10
1842.246 5.93354435720387e-10
1850.663 7.705579815544932e-10
1859.08 6.998487865607235e-10
1867.496 6.852304463859944e-10
1875.913 5.352741373139864e-10
1884.33 1.0879409378005722e-09
1892.746 1.0093826241216052e-09
1901.163 5.517069961248512e-10
1909.579 8.718189773789678e-10
1917.996 8.459087526894323e-10
1926.413 -1.9398759685576247e-09
1934.829 -4.512988035486606e-08
1943.246 -8.497093770975651e-08
1951.663 -8.627634374578744e-08
1960.079 -9.347678572644538e-08
1968.496 -1.0337705920859828e-07
1976.913 -1.0128570005567891e-07
1985.329 -1.0050280054847337e-07
1993.746 -9.842276495139953e-08
2002.162 -9.935572373493251e-08
2010.579 -1.0326461188795158e-07
2018.996 -1.0214026075490263e-07
2027.412 -1.0367050435657361e-07
2035.829 -1.0824032707836253e-07
2044.246 -1.1017032635902215e-07
2052.662 -1.1311831789654802e-07
2061.079 -1.1664714334482606e-07
2069.495 -1.143075346186848e-07
2077.912 -1.1608774709832412e-07
2086.329 -1.167882023690995e-07
2094.745 -1.1904585588376392e-07
2103.162 -1.2200014487949691e-07
2111.579 -1.2826009817045063e-07
2119.995 -1.4391690876647224e-07
2128.412 -1.7985738632710437e-07
2136.828 -2.5519492782215816e-07
2145.245 -3.455502504752885e-07
2153.662 -6.009437434553894e-07
2162.078 -9.054887830165445e-07
2170.495 -1.0372662815691794e-06
2178.912 -8.263878263876078e-07
2187.328 -4.77507038374171e-07
2195.745 -2.4955555004136018e-06
2204.161 -4.746888094161284e-06
2212.578 -1.2887114127706803e-06
2220.995 -2.337063266826661e-06
2229.411 -3.601854516665615e-06
2237.828 -4.986233152670903e-06
2246.245 -6.419170709240138e-06
2254.661 -6.961633574694491e-06
2263.078 -8.021100873356573e-06
2271.494 -7.312732741216535e-06
2279.911 -7.5504237764847786e-06
2288.328 -8.943243412434108e-06
2296.744 -1.197447802448691e-05
2305.161 -9.417128526590583e-06
2313.578 -6.5820184784323715e-06
2321.994 -1.1231390399346207e-05
2330.411 -7.308215796999648e-06
2338.827 -1.2133508240110092e-05
2347.244 -1.614631279994889e-05
2355.661 -1.1501670952875357e-05
2364.077 -6.95905913885462e-06
2372.494 -1.593078326672152e-05
2380.911 -8.360022786927997e-06
2389.327 -7.81023762842046e-06
2397.744 -6.732340452380061e-06
2406.16 -5.065927756190033e-06
2414.577 -2.539576162420934e-06
2422.994 -3.2413732826408163e-06
2431.41 -2.3656479019419623e-06
2439.827 -1.5228939278050004e-06
2448.244 -1.4341866912890926e-06
2456.66 -9.412087433884243e-07
2465.077 -5.757826908030148e-07
2473.494 -5.287195909785569e-07
2481.91 -3.3959207965301355e-07
2490.327 -2.898220739699548e-07
2498.743 -3.133434806176438e-07
