1009.0 1.1897855325177665e-20
1017.417 -1.5625849993733333e-18
1025.834 -5.046328794256018e-14
1034.25 -9.269873196256977e-12
1042.667 -2.992069600220051e-11
1051.084 -2.8870768424487432e-11
1059.5 -6.729816710760564e-11
1067.917 -4.095350239781288e-11
1076.333 -5.479183465274092e-11
1084.75 -6.786756839431632e-10
1093.167 -3.6682331916990648e-09
1101.583 -3.739237928351149e-09
1110.0 -2.2251998664562253e-08
1118.417 -6.342924965813149e-08
1126.833 -1.6562580111480925e-07
1135.25 -1.5393553628307833e-07
1143.666 -1.3834333506713184e-07
1152.083 -3.941537914697542e-07
1160.5 -4.78071562483857e-07
1168.916 -3.566251171699205e-07
1177.333 -1.7642031329233022e-07
1185.75 -1.118791010616218e-07
1194.166 -6.74946021345155e-08
1202.583 -3.643713014876795e-08
1210.999 -1.5202859840720274e-08
1219.416 -4.4270939835921784e-09
1227.833 -4.675555894758393e-09
1236.249 -3.7743577874592805e-09
1244.666 -1.3424300425777066e-09
1253.083 -3.661354141984347e-10
1261.499 -2.234988527496871e-10
1269.916 -1.8084391119316568e-10
1278.332 -1.9931056882022912e-10
1286.749 -2.433523940424448e-10
1295.166 -5.75811330294466e-10
1303.582 -1.2778823803312244e-08
1311.999 -7.92561989380338e-08
1320.416 -1.148500830565938e-07
1328.832 -1.811006541320428e-07
1337.249 -2.677279409752725e-07
1345.665 -3.323370837053908e-07
1354.082 -1.9029460879310787e-07
1362.499 -2.706026336906122e-10
1370.915 1.4833491941292905e-10
1379.332 1.0871667040467969e-10
1387.749 7.304314712790469e-11
1396.165 -1.0828002252496418e-11
1404.582 -3.5349150446545175e-09
1412.999 -5.7656084320679365e-08
1421.415 -1.494680489288735e-07
1429.832 -1.2575706073147186e-07
1438.248 -6.195361008694498e-08
1446.665 -5.217639500850835e-08
1455.082 -3.4231838198010415e-08
1463.498 -2.7328951702617797e-08
1471.915 -3.343229970233682e-08
1480.332 -2.6450304841801896e-08
1488.748 -1.122702176944885e-08
1497.165 -6.592273226919958e-09
1505.581 -5.114358871509405e-09
1513.998 -3.550749607060356e-09
1522.415 -2.130571340390514e-09
1530.831 -1.2786176119688553e-09
1539.248 -6.694785872152194e-10
1547.665 -7.995563968139138e-10
1556.081 -8.724856118539881e-10
1564.498 -6.074897350546726e-10
1572.914 -7.226076605982288e-10
1581.331 -5.59096326716641e-10
1589.748 -1.0478201885967086e-09
1598.164 -4.245038072832192e-09
1606.581 -2.3669321367006824e-08
1614.998 -6.732788483953646e-08
1623.414 -2.741564253431603e-07
1631.831 -7.460524647230772e-07
1640.247 -8.277608866630781e-07
1648.664 -8.381760965594464e-07
1657.081 -6.12182977952695e-07
1665.497 -1.4554118565252736e-06
1673.914 -5.573700842646787e-07
1682.331 -5.046804918676189e-07
1690.747 -6.79360946096172e-07
1699.164 -9.368083358530669e-07
1707.58 -1.2012763010848172e-06
1715.997 -5.059138637529723e-07
1724.414 -9.85120795509443e-07
1732.83 -8.128868416592121e-07
1741.247 -4.4842139585682027e-07
1749.664 -2.450804020141418e-07
1758.08 -1.6744188981685848e-07
1766.497 -3.528568556060707e-07
1774.913 -6.020166269461704e-07
1783.33 -3.654229201325896e-07
1791.747 -6.594776186307706e-07
1800.163 -1.6086124167752315e-07
1808.58 -1.5519244960932587e-07
1816.997 -1.090499391771945e-07
1825.413 -8.739624452681574e-10
1833.83 8.942487086236058e-10
1842.246 1.0324701804211762e-09
1850.663 8.622633246906649e-10
1859.08 9.184612595248122e-10
1867.496 9.733080306952219e-10
1875.913 9.133649883327028e-10
1884.33 1.2129792302493221e-09
1892.746 1.2191263340790843e-09
1901.163 1.1300497219546107e-09
1909.579 1.151261754974021e-09
1917.996 1.5399370918639264e-09
1926.413 1.7421031188388064e-09
1934.829 7.967139030896492e-10
1943.246 -1.6906334718389742e-09
1951.663 3.5778623295576053e-09
1960.079 4.7118459950581906e-09
1968.496 3.8611410642068346e-09
1976.913 4.145865387738704e-09
1985.329 6.150797358802816e-09
1993.746 1.018277820735955e-08
2002.162 9.9884829432874e-09
2010.579 1.0748718557520114e-08
2018.996 1.2135264380652395e-08
2027.412 1.2208296064819348e-08
2035.829 1.1606875496527551e-08
2044.246 1.2302289106678826e-08
2052.662 1.2565669531131e-08
2061.079 1.281088793276341e-08
2069.495 1.3432736937733715e-08
2077.912 1.3856166801748927e-08
2086.329 1.3000741101643241e-08
2094.745 1.3636448003345827e-08
2103.162 1.1839120050278388e-08
2111.579 7.51636556615641e-09
2119.995 -3.4480926738238805e-09
2128.412 -3.162351309960107e-08
2136.828 -1.1613248142465832e-07
2145.245 -2.8021942218768643e-07
2153.662 -5.412206605764266e-07
2162.078 -7.934628680439536e-07
2170.495 -8.606297670568441e-07
2178.912 -6.434479019409323e-07
2187.328 -3.702530397320554e-07
2195.745 -1.8296023029584522e-06
2204.161 -3.788254862180715e-06
2212.578 -1.1121633462847286e-06
2220.995 -1.9513101135138157e-06
2229.411 -2.9293585801694696e-06
2237.828 -4.066665047060597e-06
2246.245 -5.04552575079239e-06
2254.661 -5.4706010865080255e-06
2263.078 -5.9021707422266e-06
2271.494 -5.163261742777227e-06
2279.911 -5.287365773496024e-06
2288.328 -6.646231499115341e-06
2296.744 -9.005180479016778e-06
2305.161 -6.978366678626811e-06
2313.578 -3.572458952402234e-06
2321.994 -7.844062850992094e-06
2330.411 -5.738812951600077e-06
2338.827 -9.067998518098581e-06
2347.244 -1.1531329055293008e-05
2355.661 -7.4210945197278614e-06
2364.077 -4.527430688697225e-06
2372.494 -9.853001477594696e-06
2380.911 -5.714367904195462e-06
2389.327 -5.295616488708679e-06
2397.744 -5.004876369074542e-06
2406.16 -3.7489325591750346e-06
2414.577 -2.009523384431391e-06
2422.994 -2.857518081291506e-06
2431.41 -2.038821457714865e-06
2439.827 -1.376855210120646e-06
2448.244 -1.3197945631055546e-06
2456.66 -8.934234558034932e-07
2465.077 -5.409972521763023e-07
2473.494 -4.837011485866513e-07
2481.91 -3.118436831688842e-07
2490.327 -2.4459287530438806e-07
2498.743 -2.6824798906413706e-07
