1009.0 -3.7752000955234695e-18
1017.417 -5.171814949458352e-14
1025.834 -8.221236894340345e-12
1034.25 -3.268704989944873e-11
1042.667 -3.1011006589896135e-11
1051.084 -7.811085248434605e-11
1059.5 -1.1319707869264121e-10
1067.917 -1.2141597882919084e-10
1076.333 -6.727418865287871e-11
1084.75 -6.161490419697036e-10
1093.167 -4.288223179639196e-09
1101.583 -3.990209645309857e-09
1110.0 -2.37957405333535e-08
1118.417 -7.043684199992134e-08
1126.833 -1.8447452168436482e-07
1135.25 -1.7644780759352584e-07
1143.666 -1.605259686407428e-07
1152.083 -4.1102182505989813e-07
1160.5 -5.103716971188373e-07
1168.916 -3.7701606648119957e-07
1177.333 -2.0114225140594067e-07
1185.75 -1.4152980483945873e-07
1194.166 -8.351058486533611e-08
1202.583 -4.1916451437421497e-08
1210.999 -1.4633822352932108e-08
1219.416 -4.717629088165937e-09
1227.833 -4.291312998577701e-09
1236.249 -3.6544844464804835e-09
1244.666 -1.5948201081564232e-09
1253.083 -4.200268393621873e-10
1261.499 -2.7338808132711514e-10
1269.916 -4.128736122031751e-10
1278.332 -3.3993918825256734e-10
1286.749 -3.2461889067566737e-10
1295.166 -5.60953786596475e-10
1303.582 -1.3906882367723271e-08
1311.999 -8.837555003057762e-08
1320.416 -1.2135749646867822e-07
1328.832 -2.084385272246466e-07
1337.249 -3.039430213011486e-07
1345.665 -3.7520761024945533e-07
1354.082 -2.1258507611951323e-07
1362.499 -2.8014699497119505e-10
1370.915 1.0786953465294772e-10
1379.332 4.2629279451528147e-11
1387.749 5.0582725656534717e-11
1396.165 -1.326171876883138e-10
1404.582 -4.098178588826313e-09
1412.999 -6.331615144663419e-08
1421.415 -1.6567092476873072e-07
1429.832 -1.5412824755598746e-07
1438.248 -7.950950565751866e-08
1446.665 -5.566808703595728e-08
1455.082 -4.098999415140086e-08
1463.498 -3.135404160201486e-08
1471.915 -3.5464029782090036e-08
1480.332 -3.1909984511336936e-08
1488.748 -1.493988463261278e-08
1497.165 -8.029949039070343e-09
1505.581 -5.9630397445577095e-09
1513.998 -4.060233812731267e-09
1522.415 -2.397870788662889e-09
1530.831 -1.5654888418483995e-09
1539.248 -1.3904115951745253e-09
1547.665 -1.2888351814736679e-09
1556.081 -1.2446626463009525e-09
1564.498 -9.876161661207107e-10
1572.914 -1.1331433715188556e-09
1581.331 -9.674914130771437e-10
1589.748 -1.2821912570042574e-09
1598.164 -4.32672623081208e-09
1606.581 -2.4623217407834497e-08
1614.998 -7.717336409917665e-08
1623.414 -2.912140763389136e-07
1631.831 -8.40763401607498e-07
1640.247 -1.0942302701178773e-06
1648.664 -1.0508618083453007e-06
1657.081 -7.2976919157453e-07
1665.497 -1.8895418296385566e-06
1673.914 -6.72153036532442e-07
1682.331 -6.082292950581371e-07
1690.747 -7.836588935974803e-07
1699.164 -9.929779523878447e-07
1707.58 -1.2518099380983885e-06
1715.997 -5.301907450914122e-07
1724.414 -1.0286094691343953e-06
1732.83 -8.522734741287356e-07
1741.247 -4.708995219272948e-07
1749.664 -2.638864130087024e-07
1758.08 -1.8267626986073454e-07
1766.497 -3.6402402470636485e-07
1774.913 -6.261955866358374e-07
1783.33 -3.9686904276840653e-07
1791.747 -7.083899841490602e-07
1800.163 -1.8693565050570792e-07
1808.58 -1.7907014879516722e-07
1816.997 -1.222607785917175e-07
1825.413 -1.2292908194001044e-09
1833.83 9.074516071742563e-10
1842.246 7.234951715033743e-10
1850.663 7.188642158499733e-10
1859.08 9.70037901653814e-10
1867.496 9.322179255495191e-10
1875.913 7.635836288735457e-10
1884.33 1.3173156267663336e-09
1892.746 1.4201164740965306e-09
1901.163 1.1129659286036395e-09
1909.579 1.035549896729506e-09
1917.996 1.315849238288921e-09
1926.413 1.0314857173857441e-09
1934.829 -8.053282811539716e-09
1943.246 -2.0674500466978744e-08
1951.663 -1.6513288690100664e-08
1960.079 -1.7540579026560547e-08
1968.496 -2.1301634991471242e-08
1976.913 -1.8770981388214056e-08
1985.329 -1.6871322919671852e-08
1993.746 -1.4320406477206614e-08
2002.162 -1.494498170163596e-08
2010.579 -1.4141955601073726e-08
2018.996 -1.3649084098626624e-08
2027.412 -1.3174628014132119e-08
2035.829 -1.4076758708725768e-08
2044.246 -1.4544885975289674e-08
2052.662 -1.480702443920198e-08
2061.079 -1.5110244149193683e-08
2069.495 -1.4175206061338694e-08
2077.912 -1.451365417628777e-08
2086.329 -1.4907383691810132e-08
2094.745 -1.510793136937665e-08
2103.162 -1.714066217053046e-08
2111.579 -2.250810768440603e-08
2119.995 -3.454199192475832e-08
2128.412 -6.280260404614094e-08
2136.828 -1.487547326989272e-07
2145.245 -3.071507449084201e-07
2153.662 -5.761782852732863e-07
2162.078 -8.711267245613273e-07
2170.495 -9.58577205416719e-07
2178.912 -7.361095692489899e-07
2187.328 -4.259717582645927e-07
2195.745 -2.201277145108956e-06
2204.161 -4.344500585114666e-06
2212.578 -1.205362616920048e-06
2220.995 -2.164372270688612e-06
2229.411 -3.308933189475857e-06
2237.828 -4.611863447752196e-06
2246.245 -5.834078983430109e-06
2254.661 -6.316083834154155e-06
2263.078 -7.086419801935756e-06
2271.494 -6.299396215461288e-06
2279.911 -6.4518038474398675e-06
2288.328 -7.859211223466927e-06
2296.744 -1.0652823663392574e-05
2305.161 -8.301153654602107e-06
2313.578 -5.144823663925248e-06
2321.994 -9.678874874164192e-06
2330.411 -6.58626314721933e-06
2338.827 -1.0804343711110929e-05
2347.244 -1.4049360864038306e-05
2355.661 -9.457346829831974e-06
2364.077 -5.739565701168238e-06
2372.494 -1.3085525694459862e-05
2380.911 -7.146358703382964e-06
2389.327 -6.639230082574987e-06
2397.744 -5.96386959694732e-06
2406.16 -4.465678649659496e-06
2414.577 -2.3153444596201278e-06
2422.994 -3.0676519517163855e-06
2431.41 -2.204656870452047e-06
2439.827 -1.4436722297878207e-06
2448.244 -1.3704591895283596e-06
2456.66 -9.083765243516542e-07
2465.077 -5.492033562059604e-07
2473.494 -4.941990223878442e-07
2481.91 -3.153173467547916e-07
2490.327 -2.4931642187150585e-07
2498.743 -2.729412593605451e-07
