1009.0 -1.2302961604656146e-18
1017.417 -4.360747645072691e-14
1025.834 -7.733019375017629e-12
1034.25 -2.425855851711705e-11
1042.667 -3.565927100221709e-11
1051.084 -4.1321693903549094e-11
1059.5 -8.157619044206618e-11
1067.917 -3.9859415435561287e-11
1076.333 -6.284817650792584e-11
1084.75 -6.49276414588627e-10
1093.167 -4.138961342113766e-09
1101.583 -3.953404238399843e-09
1110.0 -2.200845298611012e-08
1118.417 -6.344047400031368e-08
1126.833 -1.6727637056596096e-07
1135.25 -1.5773460312862194e-07
1143.666 -1.362688565309349e-07
1152.083 -3.965237738301279e-07
1160.5 -4.864400703758627e-07
1168.916 -3.617177676017972e-07
1177.333 -1.8016627351675642e-07
1185.75 -1.1766607206510094e-07
1194.166 -7.489094358709336e-08
1202.583 -3.995199341381715e-08
1210.999 -1.506471400182626e-08
1219.416 -4.456140344057996e-09
1227.833 -4.480667549548991e-09
1236.249 -3.5618361908081236e-09
1244.666 -1.2643393549384782e-09
1253.083 -3.469080005486748e-10
1261.499 -3.0283141427114684e-10
1269.916 -1.5863147498722252e-10
1278.332 -2.5199808906616564e-10
1286.749 -3.307677326490221e-10
1295.166 -5.013593380219252e-10
1303.582 -1.2435260249193828e-08
1311.999 -8.225437142645572e-08
1320.416 -1.1590649842291495e-07
1328.832 -1.8947068307952068e-07
1337.249 -2.7901571910696216e-07
1345.665 -3.3810363650819944e-07
1354.082 -1.8960683320655495e-07
1362.499 -2.3474682873722435e-10
1370.915 2.466713738739656e-11
1379.332 4.614520094312984e-11
1387.749 3.8179741976053455e-11
1396.165 5.57437029822063e-12
1404.582 -4.054241410346492e-09
1412.999 -6.242297856005056e-08
1421.415 -1.5002189318867924e-07
1429.832 -1.393587551641623e-07
1438.248 -7.22507241703067e-08
1446.665 -4.997402328163495e-08
1455.082 -3.855051424183484e-08
1463.498 -2.981118302363447e-08
1471.915 -3.4247775772517144e-08
1480.332 -3.117073921403918e-08
1488.748 -1.3543583584245626e-08
1497.165 -8.347337776067958e-09
1505.581 -5.820147577703579e-09
1513.998 -3.445192099819088e-09
1522.415 -1.7200770161538048e-09
1530.831 -1.0409738574673202e-09
1539.248 -9.648743665905688e-10
1547.665 -1.008776031860834e-09
1556.081 -7.464057339519761e-10
1564.498 -7.156840593287449e-10
1572.914 -5.965271754553963e-10
1581.331 -7.512501474155459e-10
1589.748 -8.697615123631701e-10
1598.164 -4.198122489708785e-09
1606.581 -2.3274606233365493e-08
1614.998 -7.397748374494308e-08
1623.414 -2.8198728511494316e-07
1631.831 -7.787334395607264e-07
1640.247 -9.162674165326554e-07
1648.664 -9.043853980670128e-07
1657.081 -6.423629193423467e-07
1665.497 -1.596513886184511e-06
1673.914 -5.981431776153512e-07
1682.331 -5.430912123920637e-07
1690.747 -7.203946045979589e-07
1699.164 -9.559193339025282e-07
1707.58 -1.2184823060994885e-06
1715.997 -5.155226466742646e-07
1724.414 -9.97690609194757e-07
1732.83 -8.222153803785126e-07
1741.247 -4.566971937815478e-07
1749.664 -2.5022171476900067e-07
1758.08 -1.7099525861828187e-07
1766.497 -3.5698683556211047e-07
1774.913 -6.115158628368385e-07
1783.33 -3.696883835630054e-07
1791.747 -6.699435021174157e-07
1800.163 -1.6138955932971208e-07
1808.58 -1.6270558506172155e-07
1816.997 -1.1477634978991586e-07
1825.413 -5.777436802056975e-10
1833.83 7.861460749281212e-10
1842.246 7.023335306643583e-10
1850.663 6.495751474536587e-10
1859.08 7.707871510886515e-10
1867.496 7.874552559490425e-10
1875.913 7.84642319105378e-10
1884.33 1.3374616687942216e-09
1892.746 1.386739535007796e-09
1901.163 9.875779903550887e-10
1909.579 1.3123168257367273e-09
1917.996 1.4852700170820727e-09
1926.413 1.4791124881117946e-09
1934.829 -2.798702781173759e-09
1943.246 -2.264880897538372e-09
1951.663 1.8643981128487173e-09
1960.079 1.973927060239657e-09
1968.496 -2.5105507156929835e-09
1976.913 3.5836501221459284e-09
1985.329 5.172576548297733e-09
1993.746 7.077361007617107e-09
2002.162 6.419826555943731e-09
2010.579 6.802247871344987e-09
2018.996 7.265177835052127e-09
2027.412 8.077483433156223e-09
2035.829 8.064443840884657e-09
2044.246 8.917121491675792e-09
2052.662 8.870853939380757e-09
2061.079 8.564282072229431e-09
2069.495 9.567474302724643e-09
2077.912 9.839604238537159e-09
2086.329 9.265021156480783e-09
2094.745 1.0390364358127619e-08
2103.162 8.796238136050695e-09
2111.579 3.972751185290085e-09
2119.995 -8.414936787906741e-09
2128.412 -3.554039845261246e-08
2136.828 -1.2049714560634183e-07
2145.245 -2.9185310343930225e-07
2153.662 -5.512290944946196e-07
2162.078 -8.084973860933337e-07
2170.495 -8.899318475071696e-07
2178.912 -6.696996015270976e-07
2187.328 -3.8793678588394093e-07
2195.745 -1.9543011739780825e-06
2204.161 -3.980287292352772e-06
2212.578 -1.139028810189422e-06
2220.995 -2.024852569231592e-06
2229.411 -3.0605848670391285e-06
2237.828 -4.2530851397812595e-06
2246.245 -5.3176196195962e-06
2254.661 -5.7603953198445e-06
2263.078 -6.295859883503889e-06
2271.494 -5.531104290759008e-06
2279.911 -5.645618527789962e-06
2288.328 -7.026703042436988e-06
2296.744 -9.551699298566655e-06
2305.161 -7.393564877324032e-06
2313.578 -4.054857167434437e-06
2321.994 -8.43855022800708e-06
2330.411 -6.003870719411385e-06
2338.827 -9.659930997570952e-06
2347.244 -1.2358188391481081e-05
2355.661 -8.031458900597128e-06
2364.077 -4.884694175571389e-06
2372.494 -1.0874372394371863e-05
2380.911 -6.168490738957817e-06
2389.327 -5.710333425180953e-06
2397.744 -5.327813435833091e-06
2406.16 -3.998175483080104e-06
2414.577 -2.1167632465010086e-06
2422.994 -2.926931785641559e-06
2431.41 -2.108457434637356e-06
2439.827 -1.3927236396081719e-06
2448.244 -1.3354282968579896e-06
2456.66 -8.97276263240943e-07
2465.077 -5.482857416259901e-07
2473.494 -4.996872426149183e-07
2481.91 -3.242327548059017e-07
2490.327 -2.4973982349306995e-07
2498.743 -2.68682429300931e-07
