1009.0 1.6377392947715256e-13
1017.417 3.641548675661915e-12
1025.834 -4.4993426139511595e-12
1034.25 -1.9160834663413513e-11
1042.667 -2.8512879456052368e-11
1051.084 -5.1344469749163976e-11
1059.5 -6.108044365084303e-11
1067.917 -5.532455186011764e-11
1076.333 -5.3436358392540844e-11
1084.75 -6.056457556955186e-10
1093.167 -3.47571483530285e-09
1101.583 -3.627620978171548e-09
1110.0 -2.0409027420045164e-08
1118.417 -6.140877045798834e-08
1126.833 -1.6256101169587304e-07
1135.25 -1.5552333753961278e-07
1143.666 -1.3549954407454128e-07
1152.083 -3.786494662770013e-07
1160.5 -4.720133626792666e-07
1168.916 -3.515898352965502e-07
1177.333 -1.7621853531470284e-07
1185.75 -1.0349991774968302e-07
1194.166 -6.544972022740128e-08
1202.583 -3.365191458017811e-08
1210.999 -1.3536938537036169e-08
1219.416 -4.2860543298930825e-09
1227.833 -4.275271816612418e-09
1236.249 -3.3372442494506707e-09
1244.666 -1.3542262078188396e-09
1253.083 -3.945268558789689e-10
1261.499 -2.8947772021770276e-10
1269.916 -1.9902684653620526e-10
1278.332 -3.0045599183591593e-10
1286.749 -2.2752130744185537e-10
1295.166 -6.766146622680053e-10
1303.582 -1.1765746363538293e-08
1311.999 -7.890064463052913e-08
1320.416 -1.0773543283979134e-07
1328.832 -1.7761098643902585e-07
1337.249 -2.58928157141781e-07
1345.665 -3.2413611073812125e-07
1354.082 -1.8560540633489233e-07
1362.499 -2.2577324170885614e-10
1370.915 1.2445285589855663e-10
1379.332 8.306752443888013e-11
1387.749 2.090111612640528e-10
1396.165 1.186767712681212e-12
1404.582 -3.7104765372157755e-09
1412.999 -5.8894844895347874e-08
1421.415 -1.5517340504646576e-07
1429.832 -1.2219012786315214e-07
1438.248 -6.327629104573768e-08
1446.665 -4.4238499427649894e-08
1455.082 -3.440937878306371e-08
1463.498 -2.7636250908983654e-08
1471.915 -3.347732604765071e-08
1480.332 -2.6506671210328764e-08
1488.748 -9.603316161917867e-09
1497.165 -6.440854080559686e-09
1505.581 -5.108848708852213e-09
1513.998 -3.34563292668927e-09
1522.415 -1.7288849373127702e-09
1530.831 -1.1633619701284575e-09
1539.248 -7.84802689181432e-10
1547.665 -6.185624880910985e-10
1556.081 -8.715154760389389e-10
1564.498 -8.979073894176052e-10
1572.914 -6.471141550188947e-10
1581.331 -4.255150357628268e-10
1589.748 -8.298907667144105e-10
1598.164 -4.107048953087587e-09
1606.581 -2.2597617272141073e-08
1614.998 -6.825869566890959e-08
1623.414 -2.7492389588032597e-07
1631.831 -7.135637057706338e-07
1640.247 -7.492198973403935e-07
1648.664 -7.770248849681441e-07
1657.081 -5.766158852479216e-07
1665.497 -1.3162834297436313e-06
1673.914 -5.149369071880886e-07
1682.331 -4.724758144521733e-07
1690.747 -6.457995562515712e-07
1699.164 -9.12045084336986e-07
1707.58 -1.1839212711442903e-06
1715.997 -5.013129742560366e-07
1724.414 -9.676440474725532e-07
1732.83 -7.985109290493682e-07
1741.247 -4.4347931911129835e-07
1749.664 -2.4374604242068684e-07
1758.08 -1.6729306749005278e-07
1766.497 -3.48438904620511e-07
1774.913 -5.95277804204662e-07
1783.33 -3.58664237223687e-07
1791.747 -6.385194666557335e-07
1800.163 -1.603320149561457e-07
1808.58 -1.5568651522157887e-07
1816.997 -1.0951268715023314e-07
1825.413 -7.615475583255777e-10
1833.83 9.030900869273845e-10
1842.246 8.184491546073573e-10
1850.663 7.828650327112267e-10
1859.08 1.0288451228827383e-09
1867.496 1.1687476416756476e-09
1875.913 9.374801767956652e-10
1884.33 1.2731865698914438e-09
1892.746 1.3779605349316915e-09
1901.163 1.1281176730123806e-09
1909.579 1.0551381803485269e-09
1917.996 1.523960430837153e-09
1926.413 2.242101312137121e-09
1934.829 4.91581286113334e-09
1943.246 -1.938585139006985e-09
1951.663 5.035224817199505e-09
1960.079 7.679783695030193e-09
1968.496 3.2136978468393333e-09
1976.913 4.566596270572382e-09
1985.329 7.065556193762142e-09
1993.746 9.944953970799225e-09
2002.162 9.61810255117293e-09
2010.579 1.0764842939169841e-08
2018.996 1.1008806153056252e-08
2027.412 1.2231026194226483e-08
2035.829 1.2590220082010244e-08
2044.246 1.2193044816760421e-08
2052.662 1.2388699967260874e-08
2061.079 1.314171462549898e-08
2069.495 1.3616872936579604e-08
2077.912 1.2919411508524745e-08
2086.329 1.3513619617671371e-08
2094.745 1.2794151788119938e-08
2103.162 1.21418554983327e-08
2111.579 9.466845167378869e-09
2119.995 -2.0029460698972605e-09
2128.412 -3.1079254788703616e-08
2136.828 -1.1686836811241576e-07
2145.245 -2.7576217154636946e-07
2153.662 -5.262308470208755e-07
2162.078 -7.582748932658309e-07
2170.495 -8.163826509628019e-07
2178.912 -6.057490276298692e-07
2187.328 -3.572961906551961e-07
2195.745 -1.6866359249630775e-06
2204.161 -3.576169308191526e-06
2212.578 -1.0676799464263312e-06
2220.995 -1.8736626464939305e-06
2229.411 -2.8053324672338728e-06
2237.828 -3.878868707513887e-06
2246.245 -4.779728285983911e-06
2254.661 -5.195103318556294e-06
2263.078 -5.511846466658222e-06
2271.494 -4.8140240329821744e-06
2279.911 -4.922166631480355e-06
2288.328 -6.251889672934347e-06
2296.744 -8.444644735806954e-06
2305.161 -6.526683058595683e-06
2313.578 -3.1051544433018893e-06
2321.994 -7.223526746987857e-06
2330.411 -5.431542226340535e-06
2338.827 -8.475311135611232e-06
2347.244 -1.0717301200888091e-05
2355.661 -6.811284811668844e-06
2364.077 -4.186853920281297e-06
2372.494 -8.86421026138084e-06
2380.911 -5.248426208565232e-06
2389.327 -4.875077865261598e-06
2397.744 -4.684920947144093e-06
2406.16 -3.5244440891854365e-06
2414.577 -1.90745465607107e-06
2422.994 -2.7813964123657677e-06
2431.41 -1.978916530410086e-06
2439.827 -1.3508517683692045e-06
2448.244 -1.3108893387642432e-06
2456.66 -8.808150815261987e-07
2465.077 -5.258139799616476e-07
2473.494 -4.7073576999645935e-07
2481.91 -3.0861553255415173e-07
2490.327 -2.4782777987156075e-07
2498.743 -2.6766739639137183e-07
