902.3664 0.0
909.82886 0.0
917.2913 0.0
924.7538 0.0
932.21625 0.0
939.6788 0.0
947.14026 0.0
954.6027 0.0
962.0643 0.0
969.5268 0.0
976.9883 0.0
984.4498 0.0
991.9114 0.0
999.37286 0.0
1006.8344 0.0
1014.295 0.0
1021.7566 0.0
1029.2172 -1.0407702574348276e-17
1036.6777 -3.119995531819362e-14
1044.1383 -1.348660939023671e-12
1051.5989 -8.453304082015793e-13
1059.0596 -1.0355458319802474e-14
1066.5201 -5.749548649175296e-13
1073.9797 -2.516684092783167e-12
1081.4404 -2.7464554725641283e-10
1088.9 -3.2067573801523817e-09
1096.3597 -4.4343722589236163e-10
1103.8184 -3.076240014179697e-09
1111.2781 -1.7569084460267255e-08
1118.7368 -5.895311743382678e-08
1126.1964 -1.553470089943769e-07
1133.6552 -1.6020181709389344e-07
1141.1129 -1.2508224872452507e-07
1148.5717 -2.296269980024699e-07
1156.0304 -3.8236034965642437e-07
1163.4882 -4.0515028155443834e-07
1170.9459 -2.6106566341232366e-07
1178.4037 -1.6398533254281567e-07
1185.8616 -1.1252444318931858e-07
1193.3184 -6.550945773745855e-08
1200.7761 -3.03382554381002e-08
1208.233 -9.44338399422999e-09
1215.6898 -2.6328655758748743e-09
1223.1467 -3.6135194982979402e-09
1230.6036 -3.358620368638418e-09
1238.0596 -1.5092679648807191e-09
1245.5154 -6.795002680757125e-10
1252.9724 -2.255036590192158e-10
1260.4283 -2.170309015419003e-10
1267.8833 -2.9758331373994854e-10
1275.3392 -4.588244575575735e-10
1282.7942 -7.165964775836475e-10
1290.2502 -7.062831565910409e-10
1297.7052 -1.6647307839493483e-09
1305.1603 -1.6830722062940075e-08
1312.6144 -7.557718769729825e-08
1320.0685 -1.1563598525870329e-07
1327.5225 -1.4614131163083502e-07
1334.9756 -2.4961917797548e-07
1342.4287 -2.765046109145422e-07
1349.8818 -2.67716550236386e-07
1357.3351 -2.8858147056437127e-08
1364.7872 9.14062725913181e-11
1372.2384 2.340548376716361e-10
1379.6907 2.3050298974704296e-10
1387.1418 3.2414448165736816e-10
1394.5931 1.2642389537453835e-10
1402.0433 -5.868891442019434e-10
1409.4937 -2.434009641456636e-08
1416.944 -6.724005499243842e-08
1424.3933 -1.232044675479973e-07
1431.8427 -1.0691068260106492e-07
1439.292 -5.5725861901605914e-08
1446.7404 -5.6681623510363615e-08
1454.1888 -2.851463228160898e-08
1461.6372 -2.2071276913763607e-08
1469.0847 -2.2893787446351282e-08
1476.5321 -2.9652677578635355e-08
1483.9796 -1.6151968275798872e-08
1491.4261 -7.268257412232469e-09
1498.8727 -6.184575123950091e-09
1506.3192 -5.872344926113723e-09
1513.7649 -5.8225680348873745e-09
1521.2104 -5.314477872563555e-09
1528.655 2.1504141272528362e-09
1536.1007 -1.484800259078939e-09
1543.5454 -3.5069325681347636e-09
1550.9891 -3.364104458463858e-09
1558.4329 -3.407444361866803e-09
1565.8766 -3.5702197322272826e-09
1573.3193 -3.2653700378085633e-09
1580.7621 -3.545515710123595e-09
1588.205 -3.63523337947099e-09
1595.6467 -4.94514895799474e-09
1603.0886 -1.3688767949077241e-08
1610.5295 -3.6666793544324015e-08
1617.9705 -1.0239307077997602e-07
1625.4104 -3.884253348025818e-07
1632.8513 -8.907834248252427e-07
1640.2903 -1.0763301382033174e-06
1647.7303 -1.0580681844305726e-06
1655.1694 -8.308586752462177e-07
1662.6074 -1.380144957562401e-06
1670.0455 -1.4069884462969336e-06
1677.4836 -5.625479023026688e-07
1684.9209 -6.371777263241277e-07
1692.358 -7.311883494498291e-07
1699.7952 -9.840812265762885e-07
1707.2314 -1.190409806499321e-06
1714.6667 -5.523963294033952e-07
1722.103 -7.979488884561973e-07
1729.5383 -9.835202367055436e-07
1736.9727 -5.839949665565649e-07
1744.4071 -3.576214480268693e-07
1751.8414 -2.1201527143175436e-07
1759.2749 -1.869877222979556e-07
1766.7084 -3.5227157868297423e-07
1774.1418 -5.495531219426576e-07
1781.5743 -3.558899262588843e-07
1789.007 -5.48951534488461e-07
1796.4385 -4.1109479404749714e-07
1803.8701 -1.3175113769181789e-07
1811.3008 -1.5552832073175532e-07
1818.7314 -6.37375562762332e-08
1826.1611 -6.066971835514843e-10
1833.591 4.43924081843614e-10
1841.0206 3.8487559249047055e-10
1848.4495 4.5055005930758745e-10
1855.8773 6.088633743250331e-10
1863.3052 5.04417013098098e-10
1870.733 5.505631646775797e-10
1878.16 5.460527506636591e-10
1885.5869 6.935920505613522e-10
1893.013 8.043079142822375e-10
1900.439 5.423048722002223e-10
1907.864 6.726395848794612e-10
1915.2892 1.03745700105422e-09
1922.7133 9.237731861934857e-10
1930.1375 -1.2395923906053305e-09
1937.5607 -8.538839632184257e-09
1944.9839 -1.790678051565797e-08
1952.4071 -2.0196273058614702e-08
1959.8295 -1.343297207828144e-08
1967.2518 -1.0506593987976125e-08
1974.6732 -1.28231111775965e-08
1982.0946 -1.08847824637765e-08
1989.515 -6.1570367060564074e-09
1996.9355 -8.707480966612823e-09
2004.355 -9.483706425713513e-09
2011.7745 -7.834116328154784e-09
2019.1931 -8.605164357255863e-09
2026.6118 -9.093131444990699e-09
2034.0304 -9.051069557524282e-09
2041.4471 -1.3271861960514074e-08
2048.865 -3.37996299511551e-08
2056.2808 -1.3155491727419026e-08
2063.6965 -8.933333294454048e-09
2071.1123 -8.571770406623962e-09
2078.5273 -9.668808794580773e-09
2085.9421 -8.681726383953106e-09
2093.3562 -8.909974812701805e-09
2100.769 -9.473407863906933e-09
2108.1821 -7.647713783707961e-09
2115.5942 -1.1798970531068666e-08
2123.0063 -3.10848230637776e-08
2130.4175 -6.506759733092175e-08
2137.8289 -1.4963667352767205e-07
2145.239 -2.849124166507876e-07
2152.6482 -4.943883131329423e-07
2160.0576 -7.615711216312389e-07
2167.467 -9.051341923436053e-07
2174.8755 -8.414441844724639e-07
2182.283 -5.790414897387376e-07
2189.6904 -4.306870844560482e-07
2197.097 -3.0766338325483215e-06
2204.5034 -4.00232702197388e-06
2211.9092 -1.1990675285047527e-06
2219.3147 -1.9619799277772185e-06
2226.7195 -2.81349808841074e-06
2234.1233 -4.068871737749811e-06
2241.5269 -5.0382570566058214e-06
2248.9297 -5.991683024737675e-06
2256.3328 -6.550856170272335e-06
2263.7346 -7.099317202026406e-06
2271.1365 -6.5229750560771336e-06
2278.5376 -6.614795137538566e-06
2285.9387 -7.565196373555218e-06
2293.3386 -1.0020904877004797e-05
2300.7378 -1.0739398768164355e-05
2308.136 -5.862946398885148e-06
2315.5342 -7.519818983898026e-06
2322.9326 -8.750881632666722e-06
2330.3298 -6.646878011338484e-06
2337.7263 -9.945833851534288e-06
2345.1216 -1.3390365716266189e-05
2352.517 -1.150417862956321e-05
2359.9126 -6.706661499121988e-06
2367.3071 -8.250630926586675e-06
2374.7007 -1.2072628970746006e-05
2382.0935 -6.114884043264278e-06
2389.486 -6.333603797567142e-06
2396.878 -5.947173754333808e-06
2404.2695 -4.515767520636867e-06
2411.6604 -2.530498210347794e-06
2419.0513 -2.3889457955167463e-06
2426.4402 -2.8455406403886324e-06
2433.8303 -1.7601001763927733e-06
2441.2183 -1.3212398007005497e-06
2448.6064 -1.1514245345602608e-06
2455.9944 -8.573103691238933e-07
2463.3816 -5.519802381677689e-07
2470.7678 -4.3189888934951273e-07
2478.153 -2.3533371147359845e-07
2485.5386 -1.8904399997236498e-07
2492.9238 -1.8129488832140308e-07
