1483.97937 -2.143594188284392e-08
1491.42627 -8.661834880410119e-09
1498.87268 -4.0710602695195036e-09
1506.31885 -4.29856752661209e-09
1513.76501 -1.4616561564423722e-09
1521.21033 -1.0232227537635005e-09
1528.65515 1.2081616876320979e-10
1536.10059 3.875720418022719e-10
1543.54529 7.067879702099182e-10
1550.98889 8.683858964975065e-10
1558.43347 8.624863563391411e-10
1565.87646 8.575979403380668e-10
1573.31897 8.092030077335942e-10
1580.76245 9.533101854259579e-10
1588.20532 9.284757028135157e-10
1595.64673 -1.7849408802003489e-10
1603.08838 -1.1114647288163119e-08
1610.53015 -4.0477962450993165e-08
1617.9707 -1.161344337017943e-07
1625.41003 -4.400254939526594e-07
1632.8512 -9.448897207934336e-07
1640.29004 -1.0232352129926322e-06
1647.73071 -1.059879717379396e-06
1655.16931 -8.384615522861762e-07
1662.60742 -1.2921832439268908e-06
1670.04565 -1.361035161990387e-06
1677.48389 -5.375084675034168e-07
1684.9209 -6.768794733606168e-07
1692.35803 -8.389214566420905e-07
1699.79529 -1.1795091105574871e-06
1707.23181 -1.4844011928037663e-06
1714.66663 -6.704144543061389e-07
1722.10303 -9.852285561914323e-07
1729.5387 -1.203867435313622e-06
1736.97302 -6.868895355152152e-07
1744.40735 -4.140755352989478e-07
1751.84094 -2.414453095542427e-07
1759.27502 -2.1115257054493022e-07
1766.70801 -4.4571033047186577e-07
1774.14172 -7.022485460066427e-07
1781.5741 -4.3987693103060206e-07
1789.00732 -6.993847355568654e-07
1796.43835 -4.3802301086568156e-07
1803.86987 -2.38439998252254e-07
1811.30103 -3.17709252563792e-07
1818.73157 -3.9720081090013086e-07
1826.16089 -6.350061751701882e-08
1833.59058 -7.592716622995605e-11
1841.02039 1.336579667572899e-09
1848.44934 1.4199575729982713e-09
1855.87695 1.4668753739453577e-09
1863.30469 1.5588198072961718e-09
1870.73328 1.255009423776206e-09
1878.16052 7.593170478154435e-10
1885.58643 9.39566215713843e-11
1893.01318 9.377401126947985e-10
1900.43933 1.499175000914021e-09
1907.86401 1.748166117792278e-09
1915.28931 2.320577871810108e-10
1922.71289 -7.970776460632258e-09
1930.13721 -6.140541785649482e-09
1937.5603 -9.899515614178985e-09
1944.98328 -1.4320311620487977e-08
1952.40723 -6.5654007589110785e-09
1959.82983 -2.8689734980374207e-09
1967.25195 -3.9929362771333366e-09
1974.67371 -5.419510057376251e-09
1982.09387 -2.8327180233211223e-09
1989.5144 5.494180347701731e-10
1996.9353 -2.001936074990741e-09
2004.35461 4.387296294103049e-11
2011.77429 2.1611804598414218e-09
2019.19299 1.453316365524927e-09
2026.61206 2.359417343133135e-09
2034.0304 2.0431222536211686e-09
2041.44727 2.32680425695006e-09
2048.86548 2.8084726511911913e-09
2056.28076 2.7653679794221085e-09
2063.69629 3.211328521974044e-09
2071.11206 3.520834065883166e-09
2078.52759 3.726319963332093e-09
2085.94238 3.5614835351135393e-09
2093.35645 3.1167149613025744e-09
2100.7688 2.4820023930106525e-09
2108.18213 1.6260073807922742e-09
2115.59448 -4.059852920378811e-09
2123.00684 -2.0191723581385694e-08
2130.41748 -6.154988114899634e-08
2137.82935 -1.5593108077973768e-07
2145.23877 -3.2970375944691854e-07
2152.64893 -5.823184216748326e-07
2160.05762 -8.581842344372226e-07
2167.46729 -1.040407414889925e-06
2174.87524 -9.053863214935526e-07
2182.2832 -6.038755657336546e-07
2189.69067 -4.3081822970985546e-07
2197.09741 -3.1278333796547844e-06
2204.50293 -4.33026287709855e-06
2211.90942 -1.268213227233893e-06
2219.31445 -2.123391781218348e-06
2226.71948 -3.0479429707684045e-06
2234.12329 -4.407756238498425e-06
2241.52734 -5.366276911763675e-06
2248.92969 -6.405610060331723e-06
2256.33374 -6.831206421167779e-06
2263.73511 -7.0848270445985674e-06
2271.13672 -6.431592526303712e-06
2278.53784 -6.506575944871435e-06
2285.93848 -7.63792219674299e-06
2293.33838 -1.0412989327792144e-05
2300.73828 -1.1380743749039496e-05
2308.13647 -5.7828221089627835e-06
2315.53418 -6.224452817633118e-06
2322.93237 -8.872786058105135e-06
2330.32983 -7.002146309769297e-06
2337.72632 -1.0513045111386717e-05
2345.12134 -1.3537978485169101e-05
2352.51685 -1.0932589435080223e-05
2359.91235 -6.379032300624203e-06
2367.30713 -7.812255077535348e-06
2374.70068 -1.111545123658437e-05
2382.09351 -6.066654200929756e-06
2389.48608 -6.222847084211677e-06
2396.87793 -6.130338700527903e-06
2404.26929 -4.684947745179284e-06
2411.65991 -2.678024200357082e-06
2419.05176 -2.778552263065294e-06
2426.44019 -3.2922125093982054e-06
2433.83008 -2.043649178560499e-06
2441.21826 -1.6394158717112436e-06
2448.6062 -1.3952772931919878e-06
2455.99414 -9.962606991055714e-07
2463.38159 -6.720973466225562e-07
2470.76807 -5.618506174321745e-07
2478.15332 -3.1172516245030016e-07
2485.53784 -2.577264889292249e-07
2492.92358 -2.3678216550031258e-07
