1009.0 0.0
1017.417 0.0
1025.834 -1.949955348705295e-18
1034.25 -1.0100246840197092e-13
1042.667 -2.428730947942183e-11
1051.084 -2.706305943678968e-11
1059.5 -2.4985832026046466e-13
1067.917 -2.6770785065118597e-11
1076.333 -3.989410569428831e-11
1084.75 -1.4919775982770656e-09
1093.167 -4.522197129977776e-09
1101.583 -4.989919178215284e-09
1110.0 -1.0459337625254509e-08
1118.417 -4.225760021390898e-08
1126.833 -1.5300728275245712e-07
1135.25 -1.437362332860143e-07
1143.666 -1.0395311720731508e-07
1152.083 -3.4341845890007627e-07
1160.5 -4.1736384571149047e-07
1168.916 -3.207046813156312e-07
1177.333 -1.5024529766486816e-07
1185.75 -1.0443404080096983e-07
1194.166 -6.907284081332787e-08
1202.583 -3.216218832393326e-08
1210.999 -1.2057285576517793e-08
1219.416 -5.766803937304717e-09
1227.833 -5.177020736946074e-09
1236.249 -2.651793032277299e-09
1244.666 -1.1386908635839627e-09
1253.083 -2.353247474011762e-10
1261.499 -5.115855822433893e-10
1269.916 -5.688641761538015e-10
1278.332 -7.562231200225219e-10
1286.749 -2.3179112409483332e-10
1295.166 -1.0795438997166735e-09
1303.582 -5.8701615454694755e-09
1311.999 -6.870554331299048e-08
1320.416 -1.1981629699716902e-07
1328.832 -1.670521635469158e-07
1337.249 -2.3660318831565174e-07
1345.665 -2.9060071206712224e-07
1354.082 -1.4625174781940296e-07
1362.499 -1.4742678412373547e-10
1370.915 1.918622509886135e-10
1379.332 5.062032196529791e-10
1387.749 4.879107450365904e-10
1396.165 7.186536292733842e-11
1404.582 -3.1922484542259623e-09
1412.999 -5.320495726991132e-08
1421.415 -1.034997873991162e-07
1429.832 -9.549532501184848e-08
1438.248 -2.14874891387268e-10
1446.665 -7.113729401965632e-08
1455.082 -2.344249663016902e-08
1463.498 -2.6847322153171405e-08
1471.915 -3.247569897154217e-08
1480.332 -2.886429844199309e-08
1488.748 -4.8423681851071825e-09
1497.165 -4.6915146752292625e-09
1505.581 -8.63526426962922e-09
1513.998 -5.728150537800911e-09
1522.415 -4.5635492743117115e-09
1530.831 -2.766988029040692e-09
1539.248 -2.4361677187207954e-09
1547.665 -1.7074236566300377e-09
1556.081 -2.629175771918628e-09
1564.498 -3.714336273004969e-09
1572.914 -1.1414252253226004e-09
1581.331 -3.6259131599686606e-09
1589.748 -3.483592977520817e-09
1598.164 -7.523683110713441e-09
1606.581 -2.1768914382958346e-08
1614.998 -6.495181763814465e-08
1623.414 -2.799953773656745e-07
1631.831 -8.300966268934714e-07
1640.247 -1.0341421004953294e-06
1648.664 -1.0000562876280628e-06
1657.081 -7.13053911227137e-07
1665.497 -1.8811358261060274e-06
1673.914 -6.500020188981244e-07
1682.331 -5.850223861913363e-07
1690.747 -6.892329496017742e-07
1699.164 -9.358277780899039e-07
1707.58 -1.2002544601168723e-06
1715.997 -5.066216577539017e-07
1724.414 -9.797179427201718e-07
1732.83 -8.01589453227123e-07
1741.247 -4.183146319341544e-07
1749.664 -2.430898935245692e-07
1758.08 -1.7539376861076096e-07
1766.497 -3.292565306024472e-07
1774.913 -5.510672545372821e-07
1783.33 -3.4728196371177904e-07
1791.747 -6.374212856418148e-07
1800.163 -1.5767376405640798e-07
1808.58 -1.4385136253005471e-07
1816.997 -1.0164148592742281e-07
1825.413 -9.66513638211137e-10
1833.83 5.523724944711614e-10
1842.246 3.83408181169974e-11
1850.663 5.031985872649607e-10
1859.08 4.9214000046658e-10
1867.496 5.843932408687372e-10
1875.913 6.856249824504902e-10
1884.33 1.058680166006758e-09
1892.746 1.0827596608760509e-09
1901.163 9.84873483821336e-10
1909.579 8.249381610400069e-10
1917.996 1.3764791234680079e-09
1926.413 9.899614024608472e-10
1934.829 -4.527176676029601e-09
1943.246 -2.7250952476823193e-08
1951.663 -5.392093018132469e-08
1960.079 -1.664154222412219e-08
1968.496 -2.059768272224144e-08
1976.913 -1.7052419617685556e-08
1985.329 -9.530085047725179e-09
1993.746 -3.885861473578791e-09
2002.162 -2.542886750485576e-09
2010.579 -1.2512052796631554e-08
2018.996 -1.387819423902209e-08
2027.412 -4.914558877731242e-09
2035.829 -1.088627409067395e-08
2044.246 -9.119079337565029e-09
2052.662 -9.492041890647492e-09
2061.079 -8.094683278698737e-09
2069.495 -8.371069857393012e-09
2077.912 -9.47763365965907e-09
2086.329 -8.561579045806853e-09
2094.745 -1.1865290176142193e-08
2103.162 -1.2033728164481663e-08
2111.579 -2.1302106166397503e-08
2119.995 -2.8086738770679516e-08
2128.412 -5.081409727488987e-08
2136.828 -1.3462652093607558e-07
2145.245 -2.8404223444918575e-07
2153.662 -5.281195948250242e-07
2162.078 -7.878670946312213e-07
2170.495 -8.630554529103658e-07
2178.912 -7.154037561254867e-07
2187.328 -3.5193458083673805e-07
2195.745 -2.0955869473874685e-06
2204.161 -4.2386586780598784e-06
2212.578 -1.1822423343990704e-06
2220.995 -2.096558507726978e-06
2229.411 -3.2300468687896204e-06
2237.828 -4.4407824155698145e-06
2246.245 -5.643611720232353e-06
2254.661 -6.301995938482285e-06
2263.078 -6.977413987291573e-06
2271.494 -6.31481509672371e-06
2279.911 -6.442125823200946e-06
2288.328 -7.880779682503162e-06
2296.744 -1.061464951451837e-05
2305.161 -8.148063337248976e-06
2313.578 -4.974916260834231e-06
2321.994 -9.378697404609893e-06
2330.411 -6.4928405892885296e-06
2338.827 -1.0381973225923915e-05
2347.244 -1.3186379429017616e-05
2355.661 -9.168439940446492e-06
2364.077 -5.7767616945746835e-06
2372.494 -1.2267021385611502e-05
2380.911 -6.208511134095953e-06
2389.327 -6.168485082327715e-06
2397.744 -5.5613286913187195e-06
2406.16 -4.108196646077557e-06
2414.577 -2.021353614443514e-06
2422.994 -2.7365308492623138e-06
2431.41 -2.0415235627204528e-06
2439.827 -1.3541337434484607e-06
2448.244 -1.1720439787659425e-06
2456.66 -8.323048629740047e-07
2465.077 -5.296627713649043e-07
2473.494 -3.639059053089442e-07
2481.91 -2.1414806896672252e-07
2490.327 -1.5153751497911876e-07
2498.743 -1.9114913150090832e-07
