1009.0 0.0
1017.417 0.0
1025.834 0.0
1034.25 0.0
1042.667 0.0
1051.084 0.0
1059.5 0.0
1067.917 -1.9761969838334228e-16
1076.333 -4.8278875626016464e-12
1084.75 -8.666263078336097e-10
1093.167 1.319420805266814e-08
1101.583 2.8239852601898304e-09
1110.0 -3.4468761444300726e-09
1118.417 -3.9059851055504516e-08
1126.833 -1.8417577949051086e-07
1135.25 -1.6723202650204708e-07
1143.666 -1.1376818345982378e-07
1152.083 -3.390446712666052e-07
1160.5 -4.2682937173753235e-07
1168.916 -3.148007814745941e-07
1177.333 -2.1012748951916466e-07
1185.75 -1.4678160595439193e-07
1194.166 -3.970680715275452e-08
1202.583 -1.0894762222656174e-08
1210.999 -3.2721132127489038e-09
1219.416 -3.6515197822896066e-09
1227.833 -5.76191081018001e-09
1236.249 -2.9249411448671276e-09
1244.666 -6.163686224364811e-10
1253.083 -5.539881925138415e-10
1261.499 -3.0335018171549383e-11
1269.916 -6.754916952127581e-11
1278.332 -6.780618194311638e-10
1286.749 -8.981354878212324e-10
1295.166 -1.3212161118111992e-09
1303.582 -1.5287059723207807e-08
1311.999 -8.761768196042925e-08
1320.416 -1.1430173896808621e-07
1328.832 -1.7879511866621276e-07
1337.249 -2.4770295275819803e-07
1345.665 -2.895641402846659e-07
1354.082 -1.5138200848018608e-07
1362.499 -1.924810817800387e-10
1370.915 3.999544801413776e-10
1379.332 2.6856350275614505e-10
1387.749 5.388378349735854e-10
1396.165 1.7984978543314738e-12
1404.582 -2.603930706356787e-09
1412.999 -5.127336246556289e-08
1421.415 -1.1003506287560318e-07
1429.832 -1.2319618487774622e-07
1438.248 -6.546930555274988e-08
1446.665 5.466423227122574e-08
1455.082 -1.6068858494130448e-08
1463.498 -2.420053984789719e-08
1471.915 -2.3345540224634052e-08
1480.332 -3.472590883743507e-08
1488.748 -1.3201295595242102e-08
1497.165 -3.0933173482118756e-09
1505.581 -2.7362711714551734e-09
1513.998 -6.2458090631284015e-09
1522.415 -6.213415646286534e-09
1530.831 -3.918726551065019e-09
1539.248 -4.433243833069591e-09
1547.665 -4.258568620883862e-09
1556.081 -3.8287018441905956e-09
1564.498 -3.8426960615403085e-09
1572.914 -5.2110862624148276e-09
1581.331 -4.76871439796713e-09
1589.748 -4.0622525898760386e-09
1598.164 -6.36836126090594e-09
1606.581 -2.6146689717445435e-08
1614.998 -7.136262914775115e-08
1623.414 -2.8389020241118047e-07
1631.831 -8.485309253852809e-07
1640.247 -1.1355207131908073e-06
1648.664 -1.1589205787306398e-06
1657.081 -7.807264630730569e-07
1665.497 -2.173339107084331e-06
1673.914 -7.342583011917561e-07
1682.331 -6.252942949950484e-07
1690.747 -7.343087739525812e-07
1699.164 -9.428800984643659e-07
1707.58 -1.1350648782146047e-06
1715.997 -4.940453022586298e-07
1724.414 -9.71326330420504e-07
1732.83 -7.957542300849825e-07
1741.247 -4.3050421176171256e-07
1749.664 -2.4854640760906235e-07
1758.08 -1.7065056451829238e-07
1766.497 -3.4366734708470003e-07
1774.913 -5.218138793171591e-07
1783.33 -3.224482702236347e-07
1791.747 -6.342288474979453e-07
1800.163 -1.7990052812510195e-07
1808.58 -1.4867710455689672e-07
1816.997 -1.0841109542087014e-07
1825.413 -1.2693473399552345e-09
1833.83 3.816034146095854e-10
1842.246 8.607228759876757e-10
1850.663 3.216287979434193e-10
1859.08 5.037110014152308e-10
1867.496 6.436325963693933e-10
1875.913 3.639851133836243e-11
1884.33 5.430293455542232e-10
1892.746 8.053819218447191e-10
1901.163 5.433284241304575e-10
1909.579 5.334258571083777e-10
1917.996 1.0914102944810453e-09
1926.413 2.693658497721871e-10
1934.829 -5.4517198932608634e-09
1943.246 -1.6276591271207555e-08
1951.663 -2.3183254364897706e-08
1960.079 -2.4001982385814888e-08
1968.496 -3.760822878882156e-08
1976.913 -2.2194848581618924e-08
1985.329 -1.4581265456411463e-08
1993.746 -1.3296550161386807e-08
2002.162 -1.2726815621948235e-08
2010.579 -1.8386521274437647e-08
2018.996 -2.231241519508497e-08
2027.412 -1.0873944100011553e-08
2035.829 -7.585842793328198e-09
2044.246 -2.0986938567461082e-08
2052.662 -2.572124275608672e-08
2061.079 -8.766775121322858e-09
2069.495 -8.377454814708173e-09
2077.912 -1.1273939096465849e-08
2086.329 -7.982059952120133e-09
2094.745 -6.360200460391715e-09
2103.162 -7.4487994515227915e-09
2111.579 3.9445078122414206e-08
2119.995 1.985027615588745e-09
2128.412 -5.3210270674893146e-08
2136.828 -1.4276616633203031e-07
2145.245 -2.899831837147112e-07
2153.662 -5.398946531533721e-07
2162.078 -8.559731736266816e-07
2170.495 -9.413994852702836e-07
2178.912 -7.269463592265033e-07
2187.328 -4.1270266093484866e-07
2195.745 -2.314842842304056e-06
2204.161 -4.38756340219297e-06
2212.578 -1.2573244749384135e-06
2220.995 -2.2455245347740524e-06
2229.411 -3.433506365558294e-06
2237.828 -4.621648110907304e-06
2246.245 -5.972498681674493e-06
2254.661 -6.571389799620252e-06
2263.078 -7.352261572687623e-06
2271.494 -6.806348812913137e-06
2279.911 -7.07229122696531e-06
2288.328 -8.546412693091497e-06
2296.744 -1.1287708984609925e-05
2305.161 -8.83045485983066e-06
2313.578 -5.883054998495783e-06
2321.994 -1.0171750263114595e-05
2330.411 -6.838143844206967e-06
2338.827 -1.089122888165436e-05
2347.244 -1.4097243074361313e-05
2355.661 -1.0065934241013702e-05
2364.077 -6.292662524762727e-06
2372.494 -1.4003422750810686e-05
2380.911 -6.912483489770097e-06
2389.327 -6.468322296653563e-06
2397.744 -5.912840438374362e-06
2406.16 -4.420420709582119e-06
2414.577 -2.1200875316478028e-06
2422.994 -2.8982181844581063e-06
2431.41 -2.1806061688318603e-06
2439.827 -1.3900414893089128e-06
2448.244 -1.1991863668443032e-06
2456.66 -8.593261110753006e-07
2465.077 -4.4769498048689896e-07
2473.494 -3.6841039078660693e-07
2481.91 -2.1074008600947667e-07
2490.327 -1.5352881424151716e-07
2498.743 -2.2576547479138832e-07
