1009.0 0.0
1017.417 0.0
1025.834 0.0
1034.25 0.0
1042.667 0.0
1051.084 0.0
1059.5 0.0
1067.917 -3.9112417008891204e-16
1076.333 -8.493432511837242e-12
1084.75 -1.4079176394613899e-09
1093.167 -4.945831345053556e-09
1101.583 -7.470098325664796e-09
1110.0 -1.1859682329472817e-08
1118.417 -3.7707226623622363e-08
1126.833 -1.8090819570068396e-07
1135.25 -1.7054092137522577e-07
1143.666 -1.1050870363429413e-07
1152.083 -3.2357236101674517e-07
1160.5 -3.959038176582139e-07
1168.916 -3.0899867829663025e-07
1177.333 -1.5128761746052158e-07
1185.75 -1.0766065168342884e-07
1194.166 -7.536520307745502e-08
1202.583 -1.7798121106406652e-08
1210.999 -7.518848188552074e-09
1219.416 -5.059009313568444e-09
1227.833 -4.676025915024578e-09
1236.249 -2.5153700972415927e-09
1244.666 -9.183118257855094e-10
1253.083 -1.8003798935886745e-10
1261.499 -5.635169778191401e-10
1269.916 -2.7730769927361733e-10
1278.332 -6.743654848715626e-10
1286.749 -2.5567099082958003e-10
1295.166 -7.977131410187932e-10
1303.582 -1.0945543366807968e-08
1311.999 -8.396601918662938e-08
1320.416 -1.1931958363658087e-07
1328.832 -1.6868579367291238e-07
1337.249 -2.44862262065782e-07
1345.665 -2.8855954878597086e-07
1354.082 -1.4503658656397421e-07
1362.499 -1.4103718337667737e-10
1370.915 1.677336370368769e-10
1379.332 5.417222699857519e-10
1387.749 4.889959123623647e-10
1396.165 1.0056988574838635e-10
1404.582 -3.466907200853484e-09
1412.999 -9.590359250675002e-08
1421.415 -1.1840132455278282e-07
1429.832 -1.2775295436304876e-07
1438.248 -5.288216568416597e-08
1446.665 -8.650504559408111e-08
1455.082 -2.6192375847715025e-08
1463.498 -2.074018044982243e-08
1471.915 -2.7835129121901493e-08
1480.332 -8.30112663028594e-09
1488.748 1.7297403890417626e-08
1497.165 -5.910522250654569e-09
1505.581 5.038315256484513e-09
1513.998 -5.490020445515099e-09
1522.415 -4.4233624333676386e-09
1530.831 -2.570917562864498e-09
1539.248 -2.3106591868356246e-09
1547.665 -2.390873169293357e-09
1556.081 -2.7531353065778478e-09
1564.498 -4.09260548867833e-09
1572.914 -1.4593748251647243e-09
1581.331 -3.1386350708474838e-09
1589.748 -3.558881057276411e-09
1598.164 -8.836010379756356e-09
1606.581 -2.8001673116956764e-08
1614.998 -6.107750096314282e-08
1623.414 -2.815670047736974e-07
1631.831 -8.384745675143207e-07
1640.247 -1.0341293933106834e-06
1648.664 -1.0084227704698765e-06
1657.081 -7.35079865702776e-07
1665.497 -1.8998215950506215e-06
1673.914 -6.576884783046865e-07
1682.331 -5.936769591909971e-07
1690.747 -7.16106814114416e-07
1699.164 -9.281239436014482e-07
1707.58 -1.19051020738572e-06
1715.997 -5.112892174754189e-07
1724.414 -9.729066638366936e-07
1732.83 -7.938434070291409e-07
1741.247 -4.2449525357535524e-07
1749.664 -2.4435015984279125e-07
1758.08 -1.7421114726147243e-07
1766.497 -3.2818548804040455e-07
1774.913 -5.435925889815558e-07
1783.33 -3.545315451061666e-07
1791.747 -6.316862732587543e-07
1800.163 -1.497639346539516e-07
1808.58 -1.434028728112247e-07
1816.997 -1.0168425592695482e-07
1825.413 -9.978717029097444e-10
1833.83 6.191237670923687e-10
1842.246 4.5386938304131526e-11
1850.663 6.840395169840246e-10
1859.08 4.294993143689819e-10
1867.496 8.393121828981291e-10
1875.913 6.149231759195473e-10
1884.33 9.33465449847063e-10
1892.746 1.0601282386665693e-09
1901.163 7.162138012581694e-10
1909.579 9.361940480003243e-10
1917.996 1.3537718682233581e-09
1926.413 9.786255406946631e-10
1934.829 -3.1409099960999837e-09
1943.246 -1.6733211335092907e-08
1951.663 -2.9184353794896132e-08
1960.079 -6.239439974794078e-09
1968.496 2.1631996569911617e-08
1976.913 -2.093103643820122e-08
1985.329 -9.532602011226499e-09
1993.746 -7.66498756568016e-09
2002.162 -1.206447786463588e-08
2010.579 -1.311099130257535e-08
2018.996 -1.4940645835590065e-08
2027.412 -6.442934583647933e-09
2035.829 -9.199891477169302e-09
2044.246 -7.9490435240713e-09
2052.662 -8.510769394675192e-09
2061.079 -7.502112789871704e-09
2069.495 -6.932535597384368e-09
2077.912 -9.11653044325991e-09
2086.329 -9.426051941037488e-09
2094.745 -1.3165596183314117e-08
2103.162 -1.1207556602453952e-08
2111.579 -1.9697546871649223e-08
2119.995 -4.474986470518389e-08
2128.412 -5.038910565605155e-08
2136.828 -1.3139628029845699e-07
2145.245 -2.867297916843946e-07
2153.662 -5.215555866924819e-07
2162.078 -8.02639833509382e-07
2170.495 -8.920761748323481e-07
2178.912 -7.322745130743664e-07
2187.328 -3.5871914795390987e-07
2195.745 -2.119523625397373e-06
2204.161 -4.2473212831612965e-06
2212.578 -1.1794928632030392e-06
2220.995 -2.116984370756484e-06
2229.411 -3.241563629772766e-06
2237.828 -4.47917417948406e-06
2246.245 -5.679249866065496e-06
2254.661 -6.34668789109521e-06
2263.078 -7.031397212866565e-06
2271.494 -6.351230391624046e-06
2279.911 -6.514042322564906e-06
2288.328 -7.952523795794174e-06
2296.744 -1.0720258069971421e-05
2305.161 -8.248986939036131e-06
2313.578 -5.097618017070046e-06
2321.994 -9.502641748968977e-06
2330.411 -6.589671476586639e-06
2338.827 -1.0563587781456894e-05
2347.244 -1.3361245552825526e-05
2355.661 -9.24978725842638e-06
2364.077 -5.848000904542767e-06
2372.494 -1.243820279484583e-05
2380.911 -6.344773683340739e-06
2389.327 -6.203914839097801e-06
2397.744 -5.5713736699233665e-06
2406.16 -4.130154817707401e-06
2414.577 -2.0100142024953553e-06
2422.994 -2.7296351855996503e-06
2431.41 -2.056777178348771e-06
2439.827 -1.3533791813541142e-06
2448.244 -1.163677605475556e-06
2456.66 -8.347809285660693e-07
2465.077 -5.638137076157987e-07
2473.494 -4.0520930541930363e-07
2481.91 -2.1946162100144981e-07
2490.327 -1.5038514580371502e-07
2498.743 -2.2518473168008987e-07
