1009.0 -1.1745021630902276e-14
1017.417 -4.201061141760228e-12
1025.834 -2.473322950247196e-11
1034.25 -3.9803315093730687e-11
1042.667 -1.054034341578702e-10
1051.084 -4.991838675444127e-11
1059.5 -5.82597516655198e-11
1067.917 -1.3206150494699586e-10
1076.333 -2.2625689565459201e-10
1084.75 -7.234123671236955e-10
1093.167 -4.483546759241237e-09
1101.583 -4.213435524119353e-09
1110.0 -2.603828957229305e-08
1118.417 -7.823773106944666e-08
1126.833 -2.0437866039681838e-07
1135.25 -1.9929918495767847e-07
1143.666 -1.7997794068154197e-07
1152.083 -4.6455360465622873e-07
1160.5 -5.568905705775469e-07
1168.916 -4.3487443197572966e-07
1177.333 -2.500466545640371e-07
1185.75 -1.5873748381998817e-07
1194.166 -9.170182311330203e-08
1202.583 -4.4313974201118776e-08
1210.999 -1.546651288879497e-08
1219.416 -4.3946705264648635e-09
1227.833 -3.9949186579182485e-09
1236.249 -3.7440268953533946e-09
1244.666 -1.3047305905411683e-09
1253.083 -4.304202874859218e-10
1261.499 -5.187999862970304e-10
1269.916 -6.473992398844449e-10
1278.332 -5.488837701219354e-10
1286.749 -7.183800183437776e-10
1295.166 -9.78095325905172e-10
1303.582 -1.5622705955486545e-08
1311.999 -9.715858733642936e-08
1320.416 -1.3075076305210165e-07
1328.832 -2.2745677040806427e-07
1337.249 -3.2167160734799216e-07
1345.665 -3.8791196281519484e-07
1354.082 -2.2070526267584792e-07
1362.499 -3.120768698415465e-10
1370.915 1.062711561748077e-10
1379.332 4.778154082506781e-11
1387.749 7.178899698587174e-11
1396.165 3.8559258845654785e-11
1404.582 -4.419322366630131e-09
1412.999 -7.081902808232366e-08
1421.415 -1.7537430201391667e-07
1429.832 -1.7617112321460233e-07
1438.248 -8.975190804624022e-08
1446.665 -5.941082924532783e-08
1455.082 -4.5525390819029255e-08
1463.498 -3.45953542327499e-08
1471.915 -4.080685653913575e-08
1480.332 -3.6347041393880886e-08
1488.748 -1.4357084730967324e-08
1497.165 -8.143912007761791e-09
1505.581 -6.256842474041241e-09
1513.998 -5.111093770328077e-09
1522.415 -3.1866824168207107e-09
1530.831 -2.3345233617764614e-09
1539.248 -1.9196604767899387e-09
1547.665 -1.919363817484369e-09
1556.081 -1.960082923606084e-09
1564.498 -1.7091950426177693e-09
1572.914 -1.533554321359387e-09
1581.331 -1.7978628502870554e-09
1589.748 -2.0769317386238714e-09
1598.164 -5.238686106867681e-09
1606.581 -2.6212606005095427e-08
1614.998 -8.199849301584737e-08
1623.414 -2.8754753247128955e-07
1631.831 -8.921555079193568e-07
1640.247 -1.2927541854148383e-06
1648.664 -1.2362606828795072e-06
1657.081 -8.159855178865938e-07
1665.497 -2.208013848215981e-06
1673.914 -7.573299401922309e-07
1682.331 -6.793242592992611e-07
1690.747 -8.507597198426742e-07
1699.164 -1.0335594803828728e-06
1707.58 -1.2918874644799546e-06
1715.997 -5.597680069926897e-07
1724.414 -1.0782583722831713e-06
1732.83 -8.955381744338057e-07
1741.247 -5.10816874635125e-07
1749.664 -2.932235528667569e-07
1758.08 -2.132145749406818e-07
1766.497 -4.240478245305579e-07
1774.913 -7.03712125518953e-07
1783.33 -4.4753964510547893e-07
1791.747 -7.784124763949232e-07
1800.163 -2.2105989140183732e-07
1808.58 -2.175000349314468e-07
1816.997 -1.4020024695929135e-07
1825.413 -2.2003834184582426e-09
1833.83 6.334940536604525e-10
1842.246 7.22535770332705e-10
1850.663 7.106335104741486e-10
1859.08 8.073125535378082e-10
1867.496 8.665354649967415e-10
1875.913 6.287151827950986e-10
1884.33 1.0030662456062325e-09
1892.746 9.734625889557317e-10
1901.163 6.690464405129074e-10
1909.579 9.775193259764434e-10
1917.996 9.93380486275098e-10
1926.413 -8.796110885379144e-10
1934.829 -3.496543341569081e-08
1943.246 -6.801204887856594e-08
1951.663 -6.984263950239983e-08
1960.079 -7.612553867226719e-08
1968.496 -8.248991005164148e-08
1976.913 -8.185715413089037e-08
1985.329 -8.078969814926043e-08
1993.746 -7.852243508844401e-08
2002.162 -7.971465430995753e-08
2010.579 -8.285457994464701e-08
2018.996 -8.15602097339243e-08
2027.412 -8.243883644385576e-08
2035.829 -8.64148429322742e-08
2044.246 -8.819507128698229e-08
2052.662 -9.01632811878687e-08
2061.079 -9.266053736601172e-08
2069.495 -9.067051849746277e-08
2077.912 -9.204020941805642e-08
2086.329 -9.333124471760716e-08
2094.745 -9.434590008481893e-08
2103.162 -9.662163093340325e-08
2111.579 -1.0330788945635427e-07
2119.995 -1.1914899636287127e-07
2128.412 -1.536851833473571e-07
2136.828 -2.3249432216951807e-07
2145.245 -3.391175555449792e-07
2153.662 -5.919876594007453e-07
2162.078 -8.978191331449585e-07
2170.495 -1.0170594633105528e-06
2178.912 -8.156170081762374e-07
2187.328 -4.7043581507361673e-07
2195.745 -2.438851167863638e-06
2204.161 -4.681674403942299e-06
2212.578 -1.2647198662991259e-06
2220.995 -2.319581140410397e-06
2229.411 -3.5580888068831243e-06
2237.828 -4.932287746685982e-06
2246.245 -6.3113908526717044e-06
2254.661 -6.845205636811811e-06
2263.078 -7.865280359246867e-06
2271.494 -7.147690286901322e-06
2279.911 -7.353537341201207e-06
2288.328 -8.770287820747374e-06
2296.744 -1.178480691915405e-05
2305.161 -9.24634178023671e-06
2313.578 -6.338380527818581e-06
2321.994 -1.0980952500276065e-05
2330.411 -7.189862257661604e-06
2338.827 -1.1937345256158867e-05
2347.244 -1.581414283737619e-05
2355.661 -1.1148109422194085e-05
2364.077 -6.7476724575461416e-06
2372.494 -1.545254370168074e-05
2380.911 -8.151671223047984e-06
2389.327 -7.628732155427154e-06
2397.744 -6.607421371423164e-06
2406.16 -4.966931819181677e-06
2414.577 -2.506356016265449e-06
2422.994 -3.219907085174161e-06
2431.41 -2.334831182322438e-06
2439.827 -1.4981987486720321e-06
2448.244 -1.420295265953941e-06
2456.66 -9.49605313282386e-07
2465.077 -5.7258885757927e-07
2473.494 -5.176208295141943e-07
2481.91 -3.345890396494699e-07
2490.327 -2.6974985861819075e-07
2498.743 -3.061581476715476e-07
