1009.0 -2.907058563729026e-15
1017.417 -2.0941642637071967e-12
1025.834 -2.9500535197364655e-11
1034.25 -3.392475090318962e-11
1042.667 -3.09066025584977e-11
1051.084 -6.35696765643474e-11
1059.5 -7.122977001860751e-11
1067.917 -4.5367195722989243e-11
1076.333 -1.0271816417311177e-10
1084.75 -6.543367335886267e-10
1093.167 -4.174154309722189e-09
1101.583 -3.943000804309277e-09
1110.0 -2.3521962831004687e-08
1118.417 -6.966235901879488e-08
1126.833 -1.8118467726799642e-07
1135.25 -1.7380861602354643e-07
1143.666 -1.5746531422144553e-07
1152.083 -4.07123248735282e-07
1160.5 -5.062407578737587e-07
1168.916 -3.761788536981201e-07
1177.333 -1.9909535835707468e-07
1185.75 -1.379670882182654e-07
1194.166 -8.169612303521337e-08
1202.583 -4.083384115923587e-08
1210.999 -1.428779731109095e-08
1219.416 -4.586710515924648e-09
1227.833 -4.45048635045366e-09
1236.249 -3.670991995082516e-09
1244.666 -1.528924195900731e-09
1253.083 -4.1469979640907497e-10
1261.499 -2.065459264709654e-10
1269.916 -4.1269215448615994e-10
1278.332 -4.2869042805395824e-10
1286.749 -3.187228263473521e-10
1295.166 -5.495089593237928e-10
1303.582 -1.2796609747275137e-08
1311.999 -8.58410944471804e-08
1320.416 -1.1922887536948592e-07
1328.832 -2.0355197164169919e-07
1337.249 -2.950731806428157e-07
1345.665 -3.647290438543459e-07
1354.082 -2.1042570888553823e-07
1362.499 -2.7985748326692237e-10
1370.915 9.476764392430856e-11
1379.332 4.2732598988048725e-11
1387.749 1.0368696153272334e-11
1396.165 -8.371537640592674e-11
1404.582 -4.211369313422475e-09
1412.999 -6.453314400650363e-08
1421.415 -1.6995587946381706e-07
1429.832 -1.5815969688907158e-07
1438.248 -7.77799671928184e-08
1446.665 -5.239992288892862e-08
1455.082 -3.9846501276754446e-08
1463.498 -3.0179560099559454e-08
1471.915 -3.485926291316242e-08
1480.332 -2.92150767523061e-08
1488.748 -1.4073273581292777e-08
1497.165 -7.699743088328457e-09
1505.581 -5.50972924812202e-09
1513.998 -3.7415700598328506e-09
1522.415 -2.3082598869877343e-09
1530.831 -1.5579195885260909e-09
1539.248 -1.276560725667588e-09
1547.665 -1.0185557918495274e-09
1556.081 -1.0663741878832123e-09
1564.498 -9.424747852512864e-10
1572.914 -9.898411112886576e-10
1581.331 -7.081748547959279e-10
1589.748 -1.0646967080717405e-09
1598.164 -4.310073012153727e-09
1606.581 -2.4171247141206713e-08
1614.998 -7.625724602499478e-08
1623.414 -2.8907648588011853e-07
1631.831 -8.312273930934299e-07
1640.247 -1.0604997415196167e-06
1648.664 -1.0223277169746225e-06
1657.081 -7.141596579762487e-07
1665.497 -1.833853259423991e-06
1673.914 -6.556432141147113e-07
1682.331 -5.953472448869833e-07
1690.747 -7.712250559657746e-07
1699.164 -9.879850816015375e-07
1707.58 -1.2456733555546387e-06
1715.997 -5.267232466099728e-07
1724.414 -1.0280051163720703e-06
1732.83 -8.486168961876643e-07
1741.247 -4.66969945665562e-07
1749.664 -2.596156968030442e-07
1758.08 -1.8155344613139634e-07
1766.497 -3.6631311542693735e-07
1774.913 -6.257560896736617e-07
1783.33 -3.895377972390278e-07
1791.747 -6.973079952928949e-07
1800.163 -1.821507867164797e-07
1808.58 -1.7641678432353958e-07
1816.997 -1.200227896309041e-07
1825.413 -1.127523992406086e-09
1833.83 9.403452025600161e-10
1842.246 7.622504725968337e-10
1850.663 9.212029470472362e-10
1859.08 1.020376526291801e-09
1867.496 8.787577112129482e-10
1875.913 8.454571227240361e-10
1884.33 1.3500182001718438e-09
1892.746 1.3073757848894103e-09
1901.163 1.1181029237752354e-09
1909.579 8.6359749781243e-10
1917.996 1.4456098938219e-09
1926.413 1.3064813012050791e-09
1934.829 -5.581382006445567e-09
1943.246 -1.632249194528409e-08
1951.663 -1.020072454775303e-08
1960.079 -9.9132663082889e-09
1968.496 -1.1294145627926577e-08
1976.913 -1.1955322520321391e-08
1985.329 -9.558216662895162e-09
1993.746 -7.694205070333353e-09
2002.162 -8.017043246362082e-09
2010.579 -7.102393587633431e-09
2018.996 -6.791023736805684e-09
2027.412 -6.304500694241864e-09
2035.829 -7.196040820006813e-09
2044.246 -7.345301529643319e-09
2052.662 -7.188177596478383e-09
2061.079 -7.126709445802086e-09
2069.495 -6.6143327486524375e-09
2077.912 -6.645045208310919e-09
2086.329 -7.3370437762507336e-09
2094.745 -7.11055346904625e-09
2103.162 -9.584971203002653e-09
2111.579 -1.4891194129215012e-08
2119.995 -2.4597699644183273e-08
2128.412 -5.399440525311996e-08
2136.828 -1.4004478417553312e-07
2145.245 -3.035448685958717e-07
2153.662 -5.690504402045675e-07
2162.078 -8.651519588442509e-07
2170.495 -9.451281425992195e-07
2178.912 -7.231716610492337e-07
2187.328 -4.161211955551353e-07
2195.745 -2.15341130075816e-06
2204.161 -4.2708640153413234e-06
2212.578 -1.190758154520184e-06
2220.995 -2.135807010458803e-06
2229.411 -3.26452598527053e-06
2237.828 -4.539381591314459e-06
2246.245 -5.7291763110250394e-06
2254.661 -6.2136295554988514e-06
2263.078 -6.934461527954372e-06
2271.494 -6.14007106341608e-06
2279.911 -6.277900722907946e-06
2288.328 -7.674610446467011e-06
2296.744 -1.0429477312886337e-05
2305.161 -8.119284047400538e-06
2313.578 -4.917697627830187e-06
2321.994 -9.429411199037811e-06
2330.411 -6.473226175086573e-06
2338.827 -1.0573014090812244e-05
2347.244 -1.370998491882122e-05
2355.661 -9.165759725379091e-06
2364.077 -5.562397760261003e-06
2372.494 -1.2623503208291231e-05
2380.911 -6.925829397668211e-06
2389.327 -6.448439173241442e-06
2397.744 -5.8337613880488705e-06
2406.16 -4.367510902768095e-06
2414.577 -2.2788445896040687e-06
2422.994 -3.042617914298553e-06
2431.41 -2.1855031100591895e-06
2439.827 -1.4239205247410144e-06
2448.244 -1.3591519275785094e-06
2456.66 -9.079655056135455e-07
2465.077 -5.478118355676622e-07
2473.494 -4.92056845055866e-07
2481.91 -3.059671242574005e-07
2490.327 -2.506280339783091e-07
2498.743 -2.7373149297053534e-07
