1009.0 -1.8501156973299163e-14
1017.417 -1.3804349394170745e-12
1025.834 -1.3078882918336201e-11
1034.25 -2.720900688101528e-11
1042.667 -3.614969493431623e-11
1051.084 -5.020023814025315e-11
1059.5 -7.512028759666387e-11
1067.917 -6.077980930303006e-11
1076.333 -8.072812466537379e-11
1084.75 -6.432541175530316e-10
1093.167 -3.996881055522358e-09
1101.583 -3.883281838035318e-09
1110.0 -2.2531183208280684e-08
1118.417 -6.580541964989664e-08
1126.833 -1.7364235874711436e-07
1135.25 -1.6350857298170972e-07
1143.666 -1.4506382412229944e-07
1152.083 -3.9959077226456205e-07
1160.5 -4.907939651004011e-07
1168.916 -3.6534605220819524e-07
1177.333 -1.88887332541503e-07
1185.75 -1.2250477763878715e-07
1194.166 -7.474314286504428e-08
1202.583 -3.9479184595258013e-08
1210.999 -1.4599348957944756e-08
1219.416 -4.5722084856736725e-09
1227.833 -4.401020553267182e-09
1236.249 -3.544567904218603e-09
1244.666 -1.374948474555034e-09
1253.083 -3.851918048643216e-10
1261.499 -2.5810882061954517e-10
1269.916 -2.6865388433355023e-10
1278.332 -3.082255234658976e-10
1286.749 -3.121081286074104e-10
1295.166 -5.577736014556018e-10
1303.582 -1.2387739008121067e-08
1311.999 -8.204164676110625e-08
1320.416 -1.166844659160511e-07
1328.832 -1.9323134005398798e-07
1337.249 -2.8009081926306924e-07
1345.665 -3.480403786122461e-07
1354.082 -1.9761823400634228e-07
1362.499 -2.49301770498317e-10
1370.915 7.956654814348658e-11
1379.332 6.523172233686892e-11
1387.749 7.594170683724763e-11
1396.165 -3.383125245809361e-11
1404.582 -3.807130911717372e-09
1412.999 -5.996972368085039e-08
1421.415 -1.5956613624122331e-07
1429.832 -1.4318659786065363e-07
1438.248 -7.189005419405735e-08
1446.665 -5.1412596028333036e-08
1455.082 -3.731617015451649e-08
1463.498 -2.946068428792197e-08
1471.915 -3.439595551494963e-08
1480.332 -2.874874555070864e-08
1488.748 -1.2784548158777719e-08
1497.165 -7.537162209834043e-09
1505.581 -5.560575607121304e-09
1513.998 -3.6511884915696453e-09
1522.415 -1.961635012191423e-09
1530.831 -1.3133131206530834e-09
1539.248 -1.0699279710654005e-09
1547.665 -9.7016423744528e-10
1556.081 -1.0091283534601946e-09
1564.498 -9.091937775131696e-10
1572.914 -8.683493469385081e-10
1581.331 -7.410652613460491e-10
1589.748 -1.0046447772968192e-09
1598.164 -4.272697072977016e-09
1606.581 -2.3863627484584705e-08
1614.998 -7.217835677126226e-08
1623.414 -2.803078597651433e-07
1631.831 -7.8509224009892e-07
1640.247 -9.413382719515284e-07
1648.664 -9.278037185290844e-07
1657.081 -6.595313504622179e-07
1665.497 -1.637802668110934e-06
1673.914 -6.053043711821186e-07
1682.331 -5.480082029812481e-07
1690.747 -7.242352363680465e-07
1699.164 -9.599836091490476e-07
1707.58 -1.2234043443861688e-06
1715.997 -5.173356229778149e-07
1724.414 -1.003264166522545e-06
1732.83 -8.281337010418091e-07
1741.247 -4.5837113009289147e-07
1749.664 -2.537012047724392e-07
1758.08 -1.7520955223689784e-07
1766.497 -3.6231861263644973e-07
1774.913 -6.162292306343919e-07
1783.33 -3.782246319773483e-07
1791.747 -6.789142320697278e-07
1800.163 -1.7081291666247984e-07
1808.58 -1.6556146218875363e-07
1816.997 -1.1511513776800242e-07
1825.413 -9.257296194828327e-10
1833.83 8.323141205074892e-10
1842.246 8.208190792892707e-10
1850.663 8.194600701039009e-10
1859.08 8.877098910158275e-10
1867.496 8.920793819071467e-10
1875.913 8.668503496430829e-10
1884.33 1.3087282503039222e-09
1892.746 1.2976862609214788e-09
1901.163 1.0362692124285059e-09
1909.579 1.1197750805510386e-09
1917.996 1.4883819248721853e-09
1926.413 1.438711459430477e-09
1934.829 -3.1541031764941312e-09
1943.246 -9.628556656961506e-09
1951.663 -4.771450675575547e-09
1960.079 -4.7918736738737595e-09
1968.496 -8.330237199379244e-09
1976.913 -5.702767581561061e-09
1985.329 -3.642438364141638e-09
1993.746 -9.466357722937492e-10
2002.162 -1.1090184536846443e-09
2010.579 -9.534229719272136e-10
2018.996 -2.5021714504936494e-10
2027.412 4.691169448776497e-10
2035.829 1.3274530112274993e-11
2044.246 2.210817252929907e-11
2052.662 -1.9856772086209588e-10
2061.079 -2.9585543770817793e-10
2069.495 5.506446910710927e-10
2077.912 3.7394546494649956e-10
2086.329 2.2182812500100564e-10
2094.745 -3.121937223854837e-11
2103.162 -1.3190863244414925e-09
2111.579 -5.835005104401397e-09
2119.995 -1.7632965411627283e-08
2128.412 -4.568278512995479e-08
2136.828 -1.3188802431761817e-07
2145.245 -2.930580995536756e-07
2153.662 -5.539449612275503e-07
2162.078 -8.203917336354196e-07
2170.495 -8.995712834911138e-07
2178.912 -6.828569639966656e-07
2187.328 -3.9351044014570157e-07
2195.745 -1.980301673976698e-06
2204.161 -4.018047211155523e-06
2212.578 -1.1454733792261101e-06
2220.995 -2.0398887299919796e-06
2229.411 -3.088484055454697e-06
2237.828 -4.290589834509503e-06
2246.245 -5.371732521360134e-06
2254.661 -5.822207902674274e-06
2263.078 -6.397016680461248e-06
2271.494 -5.641561858415629e-06
2279.911 -5.769929126904344e-06
2288.328 -7.1491128931125655e-06
2296.744 -9.690820113261092e-06
2305.161 -7.523780705858914e-06
2313.578 -4.2254091433451465e-06
2321.994 -8.602697893037976e-06
2330.411 -6.083543882675388e-06
2338.827 -9.79664301381878e-06
2347.244 -1.2590623308047852e-05
2355.661 -8.273569202054761e-06
2364.077 -5.0314903165873894e-06
2372.494 -1.119933890298474e-05
2380.911 -6.304737825076706e-06
2389.327 -5.8540577075067125e-06
2397.744 -5.40519916759656e-06
2406.16 -4.05230229170731e-06
2414.577 -2.139215640533609e-06
2422.994 -2.9444198771927704e-06
2431.41 -2.1122403185601063e-06
2439.827 -1.3993307541299339e-06
2448.244 -1.3415201495946302e-06
2456.66 -9.000115702127055e-07
2465.077 -5.462018989495715e-07
2473.494 -4.912800143328676e-07
2481.91 -3.1567854496725015e-07
2490.327 -2.489871215642929e-07
2498.743 -2.737858959724383e-07
