1009.0 0.0
1017.417 0.0
1025.834 0.0
1034.25 0.0
1042.667 0.0
1051.084 0.0
1059.5 0.0
1067.917 -1.934708285835155e-16
1076.333 -4.725219472203237e-12
1084.75 -1.1700590819870018e-09
1093.167 -6.892448599914196e-10
1101.583 -2.918928462540227e-09
1110.0 -1.226235976970482e-08
1118.417 -7.828983834589725e-08
1126.833 -1.7534407593911167e-07
1135.25 -1.539192825541282e-07
1143.666 -1.3140546785643997e-07
1152.083 -3.102087622418119e-07
1160.5 -3.969522109142357e-07
1168.916 -3.067696901615216e-07
1177.333 -1.682242897826916e-07
1185.75 -1.049321830630073e-07
1194.166 -5.0511158968994904e-08
1202.583 -3.272298518780755e-08
1210.999 2.989019934500848e-09
1219.416 9.280962843270332e-10
1227.833 -3.277043171214226e-09
1236.249 1.709787398689656e-10
1244.666 -8.750449451250016e-10
1253.083 -5.596234010789624e-10
1261.499 -2.3401573576365516e-11
1269.916 -3.359958569386904e-11
1278.332 -1.2813359942990258e-10
1286.749 -1.6926040637182797e-09
1295.166 -1.2312606025755486e-09
1303.582 -1.1275587778466343e-08
1311.999 -5.5490425326643786e-08
1320.416 -1.0573984331014251e-07
1328.832 -1.8359664184739338e-07
1337.249 -2.2066855316104608e-07
1345.665 -2.8082286042357094e-07
1354.082 -1.4808967141317367e-07
1362.499 -1.9972294938707857e-10
1370.915 2.4795843072017573e-10
1379.332 1.9029500783436413e-10
1387.749 4.2573510198204475e-10
1396.165 -6.609052819150751e-11
1404.582 -2.7724125658795905e-09
1412.999 -4.998965027865763e-08
1421.415 -1.0803479692823186e-07
1429.832 -1.0723495363672177e-07
1438.248 -8.30007430700248e-08
1446.665 -1.0148336689704803e-08
1455.082 -3.156975611060375e-08
1463.498 -3.9896960928093845e-08
1471.915 -2.9986451098655505e-08
1480.332 -4.0710987145399524e-08
1488.748 -2.3393396437007406e-08
1497.165 -9.019840789926718e-09
1505.581 -2.5219037029725405e-08
1513.998 -9.062125652950308e-09
1522.415 -3.227883991354308e-09
1530.831 2.1122706862428336e-08
1539.248 -3.904631584035048e-09
1547.665 -4.1248869372553546e-09
1556.081 -4.497633373367338e-09
1564.498 -4.489022561894025e-09
1572.914 -4.636965865921773e-09
1581.331 -3.4009807662433633e-09
1589.748 -3.1657951805732453e-09
1598.164 -6.3878394653741046e-09
1606.581 -2.0736660755004167e-08
1614.998 -6.814328855167762e-08
1623.414 -2.7892678806202766e-07
1631.831 -8.375150660980449e-07
1640.247 -1.132869663318656e-06
1648.664 -1.097591136084854e-06
1657.081 -7.571400084171997e-07
1665.497 -2.0888349253658206e-06
1673.914 -6.991489540744481e-07
1682.331 -6.143776529331344e-07
1690.747 -6.922659436819411e-07
1699.164 -9.429272469447647e-07
1707.58 -1.1596151451997785e-06
1715.997 -4.884791505481445e-07
1724.414 -9.63190651186389e-07
1732.83 -8.113418342439038e-07
1741.247 -4.3999004622880384e-07
1749.664 -2.4759298087560635e-07
1758.08 -1.884536579121759e-07
1766.497 -3.682852491016943e-07
1774.913 -5.163601681133924e-07
1783.33 -3.351955975885784e-07
1791.747 -6.54152668224419e-07
1800.163 -1.914327796478408e-07
1808.58 -1.4826295699019084e-07
1816.997 -9.867324431743425e-08
1825.413 -1.3687177721361995e-09
1833.83 5.984068039984173e-12
1842.246 4.418014335608251e-10
1850.663 3.6948823872763797e-10
1859.08 4.1804813844449545e-10
1867.496 4.2491680116953416e-10
1875.913 3.175664166677583e-10
1884.33 4.023555357725436e-10
1892.746 6.878733569532276e-10
1901.163 3.0282799993963103e-10
1909.579 1.0900430071706007e-09
1917.996 9.45135242278928e-10
1926.413 6.051923822475232e-10
1934.829 -6.242023793104107e-09
1943.246 -1.635453227188545e-08
1951.663 -2.378640050822896e-08
1960.079 -1.5920625526203876e-08
1968.496 -3.294555099676254e-08
1976.913 -1.7583846984057915e-08
1985.329 -4.854995435475217e-10
1993.746 -6.255675274702191e-09
2002.162 -1.29598424850079e-08
2010.579 -1.2623830597706003e-08
2018.996 -1.7868681570150235e-08
2027.412 -1.0695857844238499e-08
2035.829 -1.1398743471340611e-08
2044.246 -2.279363969833785e-08
2052.662 -2.5597361123652034e-08
2061.079 -1.0690488419170968e-08
2069.495 -7.684373223138415e-09
2077.912 -7.321298507967543e-09
2086.329 -6.862371692110091e-09
2094.745 -7.287820566488637e-09
2103.162 -1.0584028050524936e-08
2111.579 5.46991481164583e-10
2119.995 -1.4642781941116037e-08
2128.412 -4.795741756762735e-08
2136.828 -1.3092119594474117e-07
2145.245 -2.8787301254497334e-07
2153.662 -5.308419971881634e-07
2162.078 -8.631565734959703e-07
2170.495 -9.241382536754685e-07
2178.912 -7.165349465160952e-07
2187.328 -4.2961172606777593e-07
2195.745 -2.131845506412791e-06
2204.161 -4.327509300867405e-06
2212.578 -1.2418517508253214e-06
2220.995 -2.1642266442217266e-06
2229.411 -3.345818312351085e-06
2237.828 -4.5999802196910784e-06
2246.245 -5.951378524990837e-06
2254.661 -6.565133224935617e-06
2263.078 -7.2916511634720735e-06
2271.494 -6.685020192358702e-06
2279.911 -6.904267835802867e-06
2288.328 -8.403429794290234e-06
2296.744 -1.110578229066658e-05
2305.161 -8.502110401912422e-06
2313.578 -5.532166003780621e-06
2321.994 -9.794092220214978e-06
2330.411 -6.7738727923622e-06
2338.827 -1.0804302470353917e-05
2347.244 -1.3909985303954498e-05
2355.661 -9.781092164551136e-06
2364.077 -6.19310551766122e-06
2372.494 -1.3812626287861076e-05
2380.911 -6.744073435234145e-06
2389.327 -6.472335531403881e-06
2397.744 -5.794231088098388e-06
2406.16 -4.2709176596891814e-06
2414.577 -2.0765450084394527e-06
2422.994 -2.802005339243253e-06
2431.41 -2.121073867418128e-06
2439.827 -1.362831149971267e-06
2448.244 -1.133923758218256e-06
2456.66 -8.624068113854736e-07
2465.077 -4.737414375087971e-07
2473.494 -3.8672308644175006e-07
2481.91 -1.7366436825696343e-07
2490.327 -1.5097939272850115e-07
2498.743 -2.5946388038968414e-07
