1009.0 0.0
1017.417 0.0
1025.834 -7.206778727793344e-20
1034.25 -3.732918506145519e-15
1042.667 -8.976270427312459e-13
1051.084 -1.0002151135797098e-12
1059.5 -9.234435181353673e-15
1067.917 -9.897015986042987e-13
1076.333 -7.750437122165926e-12
1084.75 -1.2745123559661362e-09
1093.167 -2.096501411341782e-09
1101.583 -1.7934191104671407e-09
1110.0 -1.347350913465391e-08
1118.417 -5.5639212004217246e-08
1126.833 -1.5638280104978253e-07
1135.25 -1.574508648633725e-07
1143.666 -1.2706321130822002e-07
1152.083 -3.3766293925056933e-07
1160.5 -4.0701793851764194e-07
1168.916 -3.022997990953711e-07
1177.333 -1.7303962673194133e-07
1185.75 -1.1309117197557224e-07
1194.166 -5.976651091730656e-08
1202.583 -2.4799046670124634e-08
1210.999 -4.442539071350887e-09
1219.416 -3.122855866240326e-09
1227.833 -3.92314582926635e-09
1236.249 -1.966745239924252e-09
1244.666 -7.068787472350163e-10
1253.083 -2.195142919907781e-10
1261.499 -2.3621772977319505e-10
1269.916 -3.4825154443576213e-10
1278.332 -5.02577566313566e-10
1286.749 -8.670362141825075e-10
1295.166 -8.986931348360686e-10
1303.582 -1.0533133025933648e-08
1311.999 -6.960122640624246e-08
1320.416 -1.1585117244058037e-07
1328.832 -1.7475270063828295e-07
1337.249 -2.4015236712470294e-07
1345.665 -2.9133685422805243e-07
1354.082 -1.497168859679727e-07
1362.499 -1.4342330427460608e-10
1370.915 2.0584119754637929e-10
1379.332 2.380295451351429e-10
1387.749 3.3597299494326387e-10
1396.165 3.351042749827175e-11
1404.582 -2.629212139817908e-09
1412.999 -4.690597877220064e-08
1421.415 -1.0368426424085187e-07
1429.832 -1.1827528193657359e-07
1438.248 -5.996447278755776e-08
1446.665 -5.7037385774035334e-08
1455.082 -2.7059552643931617e-08
1463.498 -2.079318901550786e-08
1471.915 -2.6706514898796755e-08
1480.332 -2.617092302406926e-08
1488.748 -8.096157698805289e-09
1497.165 -6.493758980009414e-09
1505.581 -5.905343728766939e-09
1513.998 -5.835802416647702e-09
1522.415 -4.783887835180383e-09
1530.831 3.188278645275364e-09
1539.248 -3.1903923885570602e-09
1547.665 -3.3857796752899257e-09
1556.081 -3.3730229025616213e-09
1564.498 -3.582135182670485e-09
1572.914 -3.2671032841693552e-09
1581.331 -3.5577367503820155e-09
1589.748 -3.705110749750691e-09
1598.164 -6.70294224276904e-09
1606.581 -2.185908729647919e-08
1614.998 -6.362838935583292e-08
1623.414 -2.7994723617063616e-07
1631.831 -8.264119289071327e-07
1640.247 -1.0776493189711904e-06
1648.664 -1.0622378951650324e-06
1657.081 -7.429104915701583e-07
1665.497 -1.995540007647079e-06
1673.914 -6.868432649961997e-07
1682.331 -6.019413316116255e-07
1690.747 -7.097446221783499e-07
1699.164 -9.43459568918776e-07
1707.58 -1.1738501776877631e-06
1715.997 -5.010321525897186e-07
1724.414 -9.74930167431989e-07
1732.83 -8.033860511624353e-07
1741.247 -4.360123872341084e-07
1749.664 -2.462255067073301e-07
1758.08 -1.7878633836978013e-07
1766.497 -3.4537539941642403e-07
1774.913 -5.537878047534174e-07
1783.33 -3.3255615783666753e-07
1791.747 -6.365762560044619e-07
1800.163 -1.7104099721926175e-07
1808.58 -1.4588666905958597e-07
1816.997 -1.0190766711146603e-07
1825.413 -1.118340835816552e-09
1833.83 4.450245621119198e-10
1842.246 3.953685023635244e-10
1850.663 5.383481652083509e-10
1859.08 4.995983652601027e-10
1867.496 5.775380178247972e-10
1875.913 5.054863900045275e-10
1884.33 6.700138626138969e-10
1892.746 7.990038064484552e-10
1901.163 4.886750726578207e-10
1909.579 8.134570552708345e-10
1917.996 1.0438914059832145e-09
1926.413 5.273120571512525e-10
1934.829 -5.321097075726889e-09
1943.246 -1.4809523704374791e-08
1951.663 -2.1009290673781923e-08
1960.079 -1.3442652751179964e-08
1968.496 -1.0291181759631693e-08
1976.913 -1.3056415753775116e-08
1985.329 -8.060852667199046e-09
1993.746 -7.522624176063377e-09
2002.162 -9.525791661926097e-09
2010.579 -8.290460795087091e-09
2018.996 -8.567558547137345e-09
2027.412 -9.132290727592431e-09
2035.829 -9.026717635391855e-09
2044.246 -2.1193466036817647e-08
2052.662 -2.5073283591444977e-08
2061.079 -9.341776431159462e-09
2069.495 -8.48369174304163e-09
2077.912 -9.68325926485672e-09
2086.329 -8.613208212871757e-09
2094.745 -9.018907768971468e-09
2103.162 -9.718547140410032e-09
2111.579 -5.69880384715938e-09
2119.995 -2.4256881277014173e-08
2128.412 -5.0566162857306024e-08
2136.828 -1.3549750979874183e-07
2145.245 -2.847030002356763e-07
2153.662 -5.266140923225149e-07
2162.078 -8.28201070989051e-07
2170.495 -9.113332719725088e-07
2178.912 -7.247973697413044e-07
2187.328 -3.9274274233132583e-07
2195.745 -2.129950495815566e-06
2204.161 -4.247027399653934e-06
2212.578 -1.1860329155909944e-06
2220.995 -2.1347214604730882e-06
2229.411 -3.295921693033742e-06
2237.828 -4.49527896448769e-06
2246.245 -5.792414760395053e-06
2254.661 -6.414884471444134e-06
2263.078 -7.14580839125781e-06
2271.494 -6.521079742769509e-06
2279.911 -6.6807905672979276e-06
2288.328 -8.119511674423773e-06
2296.744 -1.0885009111439622e-05
2305.161 -8.391156186475552e-06
2313.578 -5.30306407865339e-06
2321.994 -9.640927741544648e-06
2330.411 -6.637253313731389e-06
2338.827 -1.062001169631618e-05
2347.244 -1.3630444013176864e-05
2355.661 -9.509988488665509e-06
2364.077 -5.997912493227806e-06
2372.494 -1.3086961573798926e-05
2380.911 -6.555215041930201e-06
2389.327 -6.320112291586298e-06
2397.744 -5.717885366851245e-06
2406.16 -4.217340973909061e-06
2414.577 -2.038524543105257e-06
2422.994 -2.7909345248222277e-06
2431.41 -2.0978601839548708e-06
2439.827 -1.371827881882781e-06
2448.244 -1.168898657646812e-06
2456.66 -8.448844398285159e-07
2465.077 -4.722318990182491e-07
2473.494 -3.642562382942271e-07
2481.91 -2.0931880444726214e-07
2490.327 -1.5305637464133856e-07
2498.743 -2.2518992287772768e-07
