1009.0 -1.9584671973660132e-14
1017.417 -5.150145569115313e-12
1025.834 -7.363742571842142e-12
1034.25 -8.00782392259371e-12
1042.667 -3.7170982394948554e-11
1051.084 -3.278038628181107e-11
1059.5 -6.904001612908577e-11
1067.917 -4.920413702253565e-11
1076.333 -3.348417179493139e-11
1084.75 -6.190947918480413e-10
1093.167 -3.210767578045122e-09
1101.583 -3.257027360301638e-09
1110.0 -2.0597446905718757e-08
1118.417 -6.111350686356161e-08
1126.833 -1.6374553731523917e-07
1135.25 -1.5730592257152852e-07
1143.666 -1.3807535478686037e-07
1152.083 -3.7892162702649856e-07
1160.5 -4.715913711759146e-07
1168.916 -3.5191546161259656e-07
1177.333 -1.7962422888148323e-07
1185.75 -1.0651025729877707e-07
1194.166 -6.520962508841296e-08
1202.583 -3.439965818036059e-08
1210.999 -1.3661732321218072e-08
1219.416 -4.383484200581268e-09
1227.833 -4.14467399222045e-09
1236.249 -3.525083977641347e-09
1244.666 -1.3848968808978624e-09
1253.083 -3.6455021305445566e-10
1261.499 -2.513318805815532e-10
1269.916 -2.1893079670568917e-10
1278.332 -2.6847319912371194e-10
1286.749 -2.619764915383931e-10
1295.166 -6.720510367433319e-10
1303.582 -1.1728952753422674e-08
1311.999 -7.855837854131967e-08
1320.416 -1.0875014519759762e-07
1328.832 -1.770569758534284e-07
1337.249 -2.612176646405795e-07
1345.665 -3.2164091693812573e-07
1354.082 -1.8569831783130186e-07
1362.499 -2.441050843463435e-10
1370.915 1.659847018893816e-10
1379.332 7.153084289050337e-11
1387.749 1.9201523645685507e-10
1396.165 1.2224783121652848e-11
1404.582 -3.754889665712339e-09
1412.999 -5.563702532087164e-08
1421.415 -1.5060719218049192e-07
1429.832 -1.324307877243459e-07
1438.248 -6.422804044035692e-08
1446.665 -4.107368797978427e-08
1455.082 -3.2806101176097586e-08
1463.498 -2.574420638056576e-08
1471.915 -3.3504277508836216e-08
1480.332 -2.649699084066382e-08
1488.748 -1.1639283875075503e-08
1497.165 -7.273419193014311e-09
1505.581 -5.549531492781257e-09
1513.998 -3.565227067129217e-09
1522.415 -2.0074876848300148e-09
1530.831 -1.238837675978908e-09
1539.248 -8.843325871589997e-10
1547.665 -5.138370673788108e-10
1556.081 -8.536176251662161e-10
1564.498 -8.136899114674651e-10
1572.914 -6.518265352498885e-10
1581.331 -6.225256465882444e-10
1589.748 -6.756726309592697e-10
1598.164 -4.285208054530391e-09
1606.581 -2.30845266956394e-08
1614.998 -6.858011502911069e-08
1623.414 -2.7446417363414454e-07
1631.831 -7.057274952129768e-07
1640.247 -7.360235452714465e-07
1648.664 -7.686449671723593e-07
1657.081 -5.715201346084717e-07
1665.497 -1.292126332832959e-06
1673.914 -5.085546257339349e-07
1682.331 -4.6406116127230375e-07
1690.747 -6.369291592577492e-07
1699.164 -9.095946032628284e-07
1707.58 -1.1813873492713057e-06
1715.997 -4.996877896586722e-07
1724.414 -9.652357840885292e-07
1732.83 -7.992008163109206e-07
1741.247 -4.433897830771045e-07
1749.664 -2.450042905362535e-07
1758.08 -1.673176331554887e-07
1766.497 -3.476631239621949e-07
1774.913 -5.925975280154891e-07
1783.33 -3.5624695163350296e-07
1791.747 -6.382132439925135e-07
1800.163 -1.5985463769337273e-07
1808.58 -1.5539160582134224e-07
1816.997 -1.0904068930419015e-07
1825.413 -6.37707321790687e-10
1833.83 1.0138473753929188e-09
1842.246 8.575183582018949e-10
1850.663 1.0073893073447854e-09
1859.08 1.1228373072154876e-09
1867.496 1.0861741922260063e-09
1875.913 1.0586612699939047e-09
1884.33 1.2826707980792245e-09
1892.746 1.400472172264226e-09
1901.163 1.2467825151343836e-09
1909.579 1.1660092514121863e-09
1917.996 1.457392999384597e-09
1926.413 1.9853756576961123e-09
1934.829 2.550750692458476e-09
1943.246 -3.0607745905746795e-09
1951.663 3.556763501558668e-09
1960.079 5.138366178324635e-09
1968.496 4.153767292925606e-09
1976.913 4.736059638287038e-09
1985.329 7.145913446452987e-09
1993.746 9.84217281804407e-09
2002.162 1.0192956449248836e-08
2010.579 1.043940902103803e-08
2018.996 1.049587224141036e-08
2027.412 1.0834642909246828e-08
2035.829 1.2091881660262116e-08
2044.246 1.2852142389800715e-08
2052.662 1.254230576712806e-08
2061.079 1.2021132589562271e-08
2069.495 1.3199487386338096e-08
2077.912 1.394076736742489e-08
2086.329 1.3369353363358838e-08
2094.745 1.2885307349376985e-08
2103.162 1.1688035197400446e-08
2111.579 8.156798624251076e-09
2119.995 -3.3599639268215225e-09
2128.412 -3.0177664522869083e-08
2136.828 -1.1558761124542135e-07
2145.245 -2.73811924674736e-07
2153.662 -5.229242395946984e-07
2162.078 -7.566988065864056e-07
2170.495 -8.16953194337734e-07
2178.912 -6.029038724347608e-07
2187.328 -3.579223311164751e-07
2195.745 -1.6643466678548982e-06
2204.161 -3.5384238347875197e-06
2212.578 -1.060871247632453e-06
2220.995 -1.8573527047598722e-06
2229.411 -2.7860445847294165e-06
2237.828 -3.845870814062363e-06
2246.245 -4.731891832343031e-06
2254.661 -5.147988976338845e-06
2263.078 -5.438557544314785e-06
2271.494 -4.747885861384072e-06
2279.911 -4.8571635586652715e-06
2288.328 -6.184030701020498e-06
2296.744 -8.33886808479569e-06
2305.161 -6.447590003544113e-06
2313.578 -3.025120653319411e-06
2321.994 -7.119659566646043e-06
2330.411 -5.373475620345328e-06
2338.827 -8.367610569083551e-06
2347.244 -1.0569963797323607e-05
2355.661 -6.70980364403428e-06
2364.077 -4.130058870269472e-06
2372.494 -8.70015725652999e-06
2380.911 -5.172110237291231e-06
2389.327 -4.800262191746063e-06
2397.744 -4.628430401243753e-06
2406.16 -3.484867452027632e-06
2414.577 -1.8894394007142108e-06
2422.994 -2.7686989886528184e-06
2431.41 -1.968857417652412e-06
2439.827 -1.350416387214071e-06
2448.244 -1.302699037983279e-06
2456.66 -8.809806590982388e-07
2465.077 -5.299033492397867e-07
2473.494 -4.665059730640381e-07
2481.91 -2.964881115988305e-07
2490.327 -2.3860470608216204e-07
2498.743 -2.5911231894122353e-07
