1009.0 0.0
1017.417 0.0
1025.834 0.0
1034.25 0.0
1042.667 0.0
1051.084 0.0
1059.5 0.0
1067.917 -4.993917737256012e-16
1076.333 -9.666601495915612e-12
1084.75 -1.5754970036625786e-09
1093.167 -6.388916724266408e-09
1101.583 -2.587949834410152e-09
1110.0 -2.562119927748217e-08
1118.417 -6.868123476980401e-08
1126.833 -1.565020544576237e-07
1135.25 -1.5666764936273975e-07
1143.666 -1.3734295947754087e-07
1152.083 -3.404957518468505e-07
1160.5 -3.954646301120132e-07
1168.916 -2.6671673188804866e-07
1177.333 -1.306579127409313e-07
1185.75 -7.443267880600346e-08
1194.166 -6.103274166996954e-08
1202.583 -1.8003854424228875e-08
1210.999 1.086835390607658e-08
1219.416 2.999945537284992e-09
1227.833 -2.628934700923689e-09
1236.249 5.366335747894619e-10
1244.666 -3.4145383097815213e-10
1253.083 -6.63361139535622e-11
1261.499 -1.272386976266051e-10
1269.916 -7.930508935690946e-11
1278.332 -3.0520593854738904e-10
1286.749 -1.4587894368256022e-09
1295.166 -6.39001609044171e-10
1303.582 -1.646413523797298e-08
1311.999 -6.444306967446101e-08
1320.416 -1.1757895064652506e-07
1328.832 -1.7931247916500498e-07
1337.249 -2.2753537557969478e-07
1345.665 -2.848457090835996e-07
1354.082 -1.4818297665203761e-07
1362.499 -2.0600058052437725e-10
1370.915 4.2918944104434835e-12
1379.332 6.484587194332031e-11
1387.749 9.744973684165488e-11
1396.165 2.00714134720418e-11
1404.582 -1.6654310384972477e-09
1412.999 -2.1507237032703626e-08
1421.415 -1.0057970145483264e-07
1429.832 -1.263659992714492e-07
1438.248 -8.249610311743327e-08
1446.665 -1.3041409623318907e-07
1455.082 -3.619143900143351e-08
1463.498 -2.701126021965767e-08
1471.915 -2.622209592739743e-08
1480.332 -8.953967829458565e-09
1488.748 1.746243693400735e-08
1497.165 -7.245583523591734e-09
1505.581 -3.6073479220989797e-09
1513.998 -8.728433287014993e-09
1522.415 -3.809191403526322e-09
1530.831 2.0835385464448078e-08
1539.248 -2.2881951074112845e-09
1547.665 -4.0142759418372335e-09
1556.081 -3.730008569427175e-09
1564.498 -4.121863201374141e-09
1572.914 -3.482580009876074e-09
1581.331 -3.226461549551087e-09
1589.748 -3.7446501177085505e-09
1598.164 -5.990232256910823e-09
1606.581 -2.2314461883998175e-08
1614.998 -5.8787874199517376e-08
1623.414 -2.777526975743665e-07
1631.831 -8.206925382747966e-07
1640.247 -1.0867636898215925e-06
1648.664 -1.0854912417613578e-06
1657.081 -7.703560751782004e-07
1665.497 -2.0240509512913496e-06
1673.914 -6.869884212461139e-07
1682.331 -5.999677701619906e-07
1690.747 -7.182029795494894e-07
1699.164 -9.51287424665411e-07
1707.58 -1.213048765478353e-06
1715.997 -5.02819862723999e-07
1724.414 -9.539486526374933e-07
1732.83 -8.056797937975415e-07
1741.247 -4.501486442805424e-07
1749.664 -2.4998338076383144e-07
1758.08 -1.8739811156062107e-07
1766.497 -3.5978458576855203e-07
1774.913 -5.561722495857407e-07
1783.33 -3.2573656968807345e-07
1791.747 -6.338149896629075e-07
1800.163 -1.6772839939556634e-07
1808.58 -1.4378139025270272e-07
1816.997 -9.975835835259884e-08
1825.413 -9.747545815965642e-10
1833.83 1.9790238418123777e-10
1842.246 1.778908827492894e-11
1850.663 5.047317804187354e-10
1859.08 1.7963919648433944e-10
1867.496 5.781454489204623e-10
1875.913 5.751532145944893e-10
1884.33 6.120580702749456e-10
1892.746 1.0063484775024969e-09
1901.163 2.717382235434255e-10
1909.579 1.1930564893895383e-09
1917.996 9.042484869196222e-10
1926.413 7.4347085796857e-10
1934.829 -5.011828640323404e-09
1943.246 -2.755591161824636e-09
1951.663 7.817997134314865e-09
1960.079 -1.809715795340702e-09
1968.496 3.2684644502983077e-08
1976.913 8.303462657335639e-10
1985.329 -1.6791703928227032e-09
1993.746 -2.4347177790463365e-09
2002.162 -7.431963956490908e-09
2010.579 -1.36923346903338e-08
2018.996 -1.719639758417322e-08
2027.412 -9.458246336175532e-09
2035.829 -9.143549386489766e-09
2044.246 -8.239542255569536e-09
2052.662 -9.036268767199988e-09
2061.079 -9.081221264816903e-09
2069.495 -6.9711732311448595e-09
2077.912 -8.122587314294634e-09
2086.329 -1.0299883832519225e-08
2094.745 -9.342555150721577e-09
2103.162 -8.165331177948679e-09
2111.579 -1.8943429072420074e-08
2119.995 -3.732409285377152e-08
2128.412 -4.8735304992492e-08
2136.828 -1.248460198223132e-07
2145.245 -2.907945604388676e-07
2153.662 -5.238130472775394e-07
2162.078 -8.386392489281046e-07
2170.495 -9.194046118579471e-07
2178.912 -7.380295626451717e-07
2187.328 -3.9547026226940945e-07
2195.745 -2.0712204891109315e-06
2204.161 -4.255666007243838e-06
2212.578 -1.1912251993855266e-06
2220.995 -2.149009539935247e-06
2229.411 -3.290894092411873e-06
2237.828 -4.530160242301306e-06
2246.245 -5.784422753119897e-06
2254.661 -6.40523333330954e-06
2263.078 -7.197890637903935e-06
2271.494 -6.531009100142578e-06
2279.911 -6.683690338576738e-06
2288.328 -8.15073931374847e-06
2296.744 -1.0911233299663979e-05
2305.161 -8.35284863519963e-06
2313.578 -5.330376744946493e-06
2321.994 -9.628320259212572e-06
2330.411 -6.705008598964879e-06
2338.827 -1.0763551554210599e-05
2347.244 -1.3792546573449635e-05
2355.661 -9.514011755730149e-06
2364.077 -6.067435140244788e-06
2372.494 -1.326966757562403e-05
2380.911 -6.6324148167174765e-06
2389.327 -6.37282018846019e-06
2397.744 -5.668517190459527e-06
2406.16 -4.17939628395535e-06
2414.577 -2.0098780963968936e-06
2422.994 -2.793794223587557e-06
2431.41 -2.0556707407301553e-06
2439.827 -1.354896646860197e-06
2448.244 -1.1529810036712165e-06
2456.66 -8.324150252785684e-07
2465.077 -4.96997703599527e-07
2473.494 -3.7647722829663845e-07
2481.91 -2.1984049887418146e-07
2490.327 -1.57950653946591e-07
2498.743 -2.6633963899281907e-07
