1009.0 -2.4854822313395902e-14
1017.417 -1.5181661257322541e-12
1025.834 -1.2782236602714665e-11
1034.25 -2.6683272442240764e-11
1042.667 -3.590378108954029e-11
1051.084 -4.927027569763196e-11
1059.5 -7.400599747825363e-11
1067.917 -5.987565920050678e-11
1076.333 -8.062915177058081e-11
1084.75 -6.412960374552966e-10
1093.167 -3.968923062321386e-09
1101.583 -3.85325945532424e-09
1110.0 -2.2410032276893145e-08
1118.417 -6.550143854635209e-08
1126.833 -1.7304127006816968e-07
1135.25 -1.629085812211372e-07
1143.666 -1.4440607346498665e-07
1152.083 -3.985250684516809e-07
1160.5 -4.896803150862972e-07
1168.916 -3.6455711906421596e-07
1177.333 -1.8818281463410848e-07
1185.75 -1.2154711930234566e-07
1194.166 -7.420940792373934e-08
1202.583 -3.92542638977136e-08
1210.999 -1.457389392760863e-08
1219.416 -4.567954603316635e-09
1227.833 -4.395045769814893e-09
1236.249 -3.535873158821217e-09
1244.666 -1.3752279172095724e-09
1253.083 -3.84394042622833e-10
1261.499 -2.55545250213407e-10
1269.916 -2.6350087746917506e-10
1278.332 -3.0364240629887825e-10
1286.749 -3.070021661235441e-10
1295.166 -5.583734839051722e-10
1303.582 -1.2325664343288134e-08
1311.999 -8.178945930793154e-08
1320.416 -1.1630855146235267e-07
1328.832 -1.9236157688612535e-07
1337.249 -2.790401309436896e-07
1345.665 -3.468794684688541e-07
1354.082 -1.969627728059785e-07
1362.499 -2.4769339677656075e-10
1370.915 8.239413425452063e-11
1379.332 6.647951398337517e-11
1387.749 7.931254567027939e-11
1396.165 -3.287321699356204e-11
1404.582 -3.786193032254086e-09
1412.999 -5.967496336961472e-08
1421.415 -1.590437873346222e-07
1429.832 -1.4242920988500297e-07
1438.248 -7.146677128137684e-08
1446.665 -5.101357533712237e-08
1455.082 -3.708907729841894e-08
1463.498 -2.925381877689195e-08
1471.915 -3.43130477469326e-08
1480.332 -2.8591377528538393e-08
1488.748 -1.2701992393502974e-08
1497.165 -7.49746052310938e-09
1505.581 -5.543795076038653e-09
1513.998 -3.6359708291342632e-09
1522.415 -1.957548113569969e-09
1530.831 -1.3067486411783467e-09
1539.248 -1.0543912854468262e-09
1547.665 -9.496732584435769e-10
1556.081 -9.924978097795032e-10
1564.498 -8.991485431170663e-10
1572.914 -8.579601890810178e-10
1581.331 -7.272200108193114e-10
1589.748 -9.8688981073243e-10
1598.164 -4.265392492461675e-09
1606.581 -2.3803216744709906e-08
1614.998 -7.191551821520485e-08
1623.414 -2.7992102424289087e-07
1631.831 -7.810140969314304e-07
1640.247 -9.303461022224203e-07
1648.664 -9.191859223098771e-07
1657.081 -6.548024582687064e-07
1665.497 -1.6194225883009825e-06
1673.914 -6.002711558601254e-07
1682.331 -5.436572366222953e-07
1690.747 -7.197292748537032e-07
1699.164 -9.57297464666691e-07
1707.58 -1.2211243417225769e-06
1715.997 -5.163247524717789e-07
1724.414 -1.0012278715210265e-06
1732.83 -8.265108567725779e-07
1741.247 -4.574754361411649e-07
1749.664 -2.5306583626757004e-07
1758.08 -1.746862497865094e-07
1766.497 -3.615079409995197e-07
1774.913 -6.148052686050879e-07
1783.33 -3.770127761852267e-07
1791.747 -6.767419676583105e-07
1800.163 -1.7007910280568087e-07
1808.58 -1.6485365798108547e-07
1816.997 -1.1468834001449271e-07
1825.413 -9.106153820896034e-10
1833.83 8.386710406922686e-10
1842.246 8.2490840266964e-10
1850.663 8.254802924924025e-10
1859.08 8.949311008888633e-10
1867.496 8.971934694868798e-10
1875.913 8.714894919601287e-10
1884.33 1.3094195767621169e-09
1892.746 1.2993063608509896e-09
1901.163 1.037953090874269e-09
1909.579 1.122767630794318e-09
1917.996 1.489509507405648e-09
1926.413 1.4650233659489023e-09
1934.829 -2.8115584822879386e-09
1943.246 -9.080813512862563e-09
1951.663 -4.147098206766837e-09
1960.079 -4.0626952934488745e-09
1968.496 -7.539555383646651e-09
1976.913 -4.976709017100476e-09
1985.329 -2.9056821870025066e-09
1993.746 -1.7423692215632724e-10
2002.162 -2.812789095278655e-10
2010.579 -1.4635773429552366e-10
2018.996 5.376557871286889e-10
2027.412 1.2861395916472966e-09
2035.829 8.57200344548709e-10
2044.246 8.872323613471093e-10
2052.662 6.890058879313003e-10
2061.079 6.141693271880492e-10
2069.495 1.439491184881188e-09
2077.912 1.2766694815024653e-09
2086.329 1.1458808756135962e-09
2094.745 8.948153053816034e-10
2103.162 -3.7703294603169107e-10
2111.579 -4.866495910801601e-09
2119.995 -1.665244823887535e-08
2128.412 -4.4648257307998924e-08
2136.828 -1.3077975587879692e-07
2145.245 -2.9206170879471753e-07
2153.662 -5.523532934121147e-07
2162.078 -8.170445739533336e-07
2170.495 -8.952197537963171e-07
2178.912 -6.785542415262835e-07
2187.328 -3.9144984309375664e-07
2195.745 -1.9639101648245218e-06
2204.161 -3.993201129998133e-06
2212.578 -1.1410473057943775e-06
2220.995 -2.0303347735061023e-06
2229.411 -3.072402918888018e-06
2237.828 -4.267285782180422e-06
2246.245 -5.337940637205492e-06
2254.661 -5.786688986859448e-06
2263.078 -6.346503298874772e-06
2271.494 -5.593960180241876e-06
2279.911 -5.721164558231705e-06
2288.328 -7.0978504486640095e-06
2296.744 -9.619733656886899e-06
2305.161 -7.467058315379565e-06
2313.578 -4.160892954461797e-06
2321.994 -8.524186382250034e-06
2330.411 -6.046336967553208e-06
2338.827 -9.721856026142908e-06
2347.244 -1.2483775566691932e-05
2355.661 -8.189212141476551e-06
2364.077 -4.982592045355711e-06
2372.494 -1.106564017438065e-05
2380.911 -6.24495903761686e-06
2389.327 -5.79783090821268e-06
2397.744 -5.363984802740791e-06
2406.16 -4.021945556726164e-06
2414.577 -2.1261779369715532e-06
2422.994 -2.93501783952627e-06
2431.41 -2.104656536722372e-06
2439.827 -1.396782360609666e-06
2448.244 -1.3396574473508783e-06
2456.66 -8.988933308624808e-07
2465.077 -5.4525631780376e-07
2473.494 -4.902427222807315e-07
2481.91 -3.1501263727045296e-07
2490.327 -2.486211459804442e-07
2498.743 -2.7299486222765505e-07
