1009.0 -6.63311397914098e-15
1017.417 -4.330354685076024e-12
1025.834 -4.289662522348064e-11
1034.25 -4.636684354466374e-11
1042.667 -4.570351731723864e-11
1051.084 -6.942301958556763e-11
1059.5 -9.872720635269785e-11
1067.917 -4.835738217134899e-11
1076.333 -8.6307029271163e-11
1084.75 -6.507618880185703e-10
1093.167 -4.1081736461023e-09
1101.583 -4.0846378917182795e-09
1110.0 -2.3887448651243334e-08
1118.417 -7.09718412199342e-08
1126.833 -1.7816289568776147e-07
1135.25 -1.664311882409681e-07
1143.666 -1.4934478037382707e-07
1152.083 -4.046071011469959e-07
1160.5 -4.998945685298573e-07
1168.916 -3.7038023482857347e-07
1177.333 -1.9532083660973028e-07
1185.75 -1.3454201811617036e-07
1194.166 -7.928375651586914e-08
1202.583 -4.1208237135763354e-08
1210.999 -1.468268755626018e-08
1219.416 -4.844504645340431e-09
1227.833 -4.5366510605840505e-09
1236.249 -3.588518289951534e-09
1244.666 -1.2554909011032108e-09
1253.083 -3.518735462678769e-10
1261.499 -2.3341239803709173e-10
1269.916 -4.611627569588133e-10
1278.332 -4.2962432739629467e-10
1286.749 -3.6578902300986924e-10
1295.166 -6.621579488500538e-10
1303.582 -1.2550116599074485e-08
1311.999 -8.386347058545813e-08
1320.416 -1.198823177375053e-07
1328.832 -1.9873359983547424e-07
1337.249 -2.87640063563621e-07
1345.665 -3.543418045788448e-07
1354.082 -2.0405887661450397e-07
1362.499 -2.2750040825513656e-10
1370.915 5.991191924801423e-11
1379.332 1.756948362271408e-11
1387.749 3.1820279092163985e-11
1396.165 -1.025722258980898e-10
1404.582 -4.2808282243849555e-09
1412.999 -6.312246236902651e-08
1421.415 -1.7207766020261647e-07
1429.832 -1.5586967167518908e-07
1438.248 -7.348412919405282e-08
1446.665 -5.193802996496719e-08
1455.082 -3.661150878258669e-08
1463.498 -2.9433012167192174e-08
1471.915 -3.2572147637539755e-08
1480.332 -2.6875468593656416e-08
1488.748 -1.4744391530759782e-08
1497.165 -8.181639277862006e-09
1505.581 -4.939818734064923e-09
1513.998 -3.381424941635854e-09
1522.415 -2.5136002709305156e-09
1530.831 -1.4526989543393145e-09
1539.248 -1.1461952061225216e-09
1547.665 -8.588754035196399e-10
1556.081 -1.0430792432580117e-09
1564.498 -1.0553442564301382e-09
1572.914 -8.146256790156335e-10
1581.331 -6.349602647800283e-10
1589.748 -1.179894398820179e-09
1598.164 -4.4953013667337e-09
1606.581 -2.3356316859412935e-08
1614.998 -7.237863410278594e-08
1623.414 -2.8376386862348014e-07
1631.831 -8.19041083271629e-07
1640.247 -1.0279260513329306e-06
1648.664 -9.90916085941205e-07
1657.081 -6.980115403025552e-07
1665.497 -1.779409753477949e-06
1673.914 -6.423741041865268e-07
1682.331 -5.827359181171107e-07
1690.747 -7.581119418504268e-07
1699.164 -9.841169265997548e-07
1707.58 -1.2422912786000372e-06
1715.997 -5.274273743300039e-07
1724.414 -1.0234531148477277e-06
1732.83 -8.397580391772211e-07
1741.247 -4.630527535515329e-07
1749.664 -2.5669492975787774e-07
1758.08 -1.800064966495719e-07
1766.497 -3.679366032692047e-07
1774.913 -6.234007129400232e-07
1783.33 -3.8542631681343433e-07
1791.747 -6.90860734238472e-07
1800.163 -1.7924497785643825e-07
1808.58 -1.6778108647244558e-07
1816.997 -1.1670941662585748e-07
1825.413 -9.789993429636967e-10
1833.83 7.571162914556476e-10
1842.246 7.637547167789701e-10
1850.663 9.959914273205498e-10
1859.08 9.553187983178221e-10
1867.496 7.850038544646399e-10
1875.913 8.520063329334578e-10
1884.33 1.2129989576468709e-09
1892.746 1.1520088101731716e-09
1901.163 1.1591387068719096e-09
1909.579 1.0462108523856732e-09
1917.996 1.7191110748911683e-09
1926.413 1.5651070686744037e-09
1934.829 -2.6864260730654133e-09
1943.246 -1.2627807026206758e-08
1951.663 -6.724975761594252e-09
1960.079 -5.685068757231869e-09
1968.496 -6.284277255650992e-09
1976.913 -7.591175576919308e-09
1985.329 -4.807668081684812e-09
1993.746 -2.9166096510484004e-09
2002.162 -3.4526951173353858e-09
2010.579 -1.887738279902254e-09
2018.996 -1.4479178968208658e-09
2027.412 -1.3488737460678324e-09
2035.829 -1.6772124404040766e-09
2044.246 -1.922551652000988e-09
2052.662 -1.968919616575203e-09
2061.079 -2.2053105479148173e-09
2069.495 -1.3166737878282556e-09
2077.912 -1.4048811260858085e-09
2086.329 -1.7555033766171722e-09
2094.745 -1.7979766938807428e-09
2103.162 -3.4473688835425857e-09
2111.579 -8.062857970306461e-09
2119.995 -1.7464177824521677e-08
2128.412 -4.6118785128792404e-08
2136.828 -1.3400412884923436e-07
2145.245 -2.964771580747014e-07
2153.662 -5.649569453233013e-07
2162.078 -8.520786762533092e-07
2170.495 -9.347412519988872e-07
2178.912 -7.142201305587173e-07
2187.328 -4.056883066535909e-07
2195.745 -2.0966578177657614e-06
2204.161 -4.207111826555105e-06
2212.578 -1.1796365686864444e-06
2220.995 -2.1119302354468935e-06
2229.411 -3.2132799266980793e-06
2237.828 -4.469439129885978e-06
2246.245 -5.6300406348248095e-06
2254.661 -6.104820752388618e-06
2263.078 -6.782850007451679e-06
2271.494 -6.000795273023572e-06
2279.911 -6.129029940769938e-06
2288.328 -7.526901808934856e-06
2296.744 -1.0232510030479396e-05
2305.161 -7.947167130046016e-06
2313.578 -4.716328939204123e-06
2321.994 -9.195568143033356e-06
2330.411 -6.3631338873764095e-06
2338.827 -1.0367992566460818e-05
2347.244 -1.3408399266436347e-05
2355.661 -8.904271928352941e-06
2364.077 -5.391898586838737e-06
2372.494 -1.2212919128759287e-05
2380.911 -6.745534040404941e-06
2389.327 -6.283465632067211e-06
2397.744 -5.721411536417192e-06
2406.16 -4.282982323164855e-06
2414.577 -2.246105763992605e-06
2422.994 -3.023833443729397e-06
2431.41 -2.173390726775224e-06
2439.827 -1.4089411315873652e-06
2448.244 -1.346184140430649e-06
2456.66 -8.980079304200933e-07
2465.077 -5.48602296675719e-07
2473.494 -4.921415504197653e-07
2481.91 -3.0355712322291604e-07
2490.327 -2.51975646430585e-07
2498.743 -2.84848495678587e-07
