1009.0 -4.2610831319592073e-14
1017.417 -1.3871589473768412e-11
1025.834 -2.2355497842013728e-11
1034.25 -9.639633855414361e-11
1042.667 -1.2924724041544343e-10
1051.084 -1.0026013683201957e-10
1059.5 -3.391516029641168e-11
1067.917 -9.255100466125112e-11
1076.333 -1.2755619167868699e-10
1084.75 -7.886973790596721e-10
1093.167 -4.460735755276034e-09
1101.583 -4.092442578081779e-09
1110.0 -2.838746262377582e-08
1118.417 -8.692261191790206e-08
1126.833 -2.2588516452634715e-07
1135.25 -2.1697221491981825e-07
1143.666 -1.9422916591124016e-07
1152.083 -5.050565338504447e-07
1160.5 -6.309771631992885e-07
1168.916 -4.861933107679248e-07
1177.333 -2.6024586649667657e-07
1185.75 -1.6159976954463575e-07
1194.166 -9.356119541085107e-08
1202.583 -4.377820270782808e-08
1210.999 -1.5727093718115468e-08
1219.416 -4.5444997704651495e-09
1227.833 -3.98501641688037e-09
1236.249 -3.5919119284845654e-09
1244.666 -9.64758060688907e-10
1253.083 -1.7800611537980181e-10
1261.499 -3.999702740383459e-10
1269.916 -4.965261536168416e-10
1278.332 -6.292285533699123e-10
1286.749 -5.932612791002392e-10
1295.166 -1.269833571308994e-09
1303.582 -1.596291979304097e-08
1311.999 -1.043948849854849e-07
1320.416 -1.355610206024796e-07
1328.832 -2.442236936927573e-07
1337.249 -3.385001310238526e-07
1345.665 -4.209227149522975e-07
1354.082 -2.5747090909696447e-07
1362.499 -4.009926544134057e-10
1370.915 6.562731250832143e-12
1379.332 2.6438935552255123e-11
1387.749 3.4742184005837267e-11
1396.165 1.094594330916197e-10
1404.582 -4.560293511068039e-09
1412.999 -7.02955984865228e-08
1421.415 -2.1360319821915827e-07
1429.832 -1.9364100371719052e-07
1438.248 -8.834366855092818e-08
1446.665 -6.397384404967278e-08
1455.082 -4.719493085726363e-08
1463.498 -3.520144867382637e-08
1471.915 -4.4347218871268694e-08
1480.332 -3.689477237696454e-08
1488.748 -1.4748893083606072e-08
1497.165 -8.717463377991432e-09
1505.581 -7.326234777962143e-09
1513.998 -5.825514257607383e-09
1522.415 -4.127843565735975e-09
1530.831 -2.080659702516737e-09
1539.248 -1.999622618760558e-09
1547.665 -2.5264993746280013e-09
1556.081 -2.1597781090773456e-09
1564.498 -1.5283802095028563e-09
1572.914 -1.6753085138923758e-09
1581.331 -2.4673127761649994e-09
1589.748 -2.28698174059326e-09
1598.164 -6.391163218069698e-09
1606.581 -2.944794452744187e-08
1614.998 -9.424032321459843e-08
1623.414 -3.311113283151938e-07
1631.831 -9.17107270141798e-07
1640.247 -1.3480291185852742e-06
1648.664 -1.3166546904810774e-06
1657.081 -8.761098415300505e-07
1665.497 -2.320897137620923e-06
1673.914 -8.161008545185175e-07
1682.331 -7.310305993921865e-07
1690.747 -8.906486934950692e-07
1699.164 -1.0955828938593537e-06
1707.58 -1.3267064823898824e-06
1715.997 -5.868181596268118e-07
1724.414 -1.1138183707422134e-06
1732.83 -9.417468938721997e-07
1741.247 -5.457422492512309e-07
1749.664 -3.252530647137592e-07
1758.08 -2.551753239342206e-07
1766.497 -4.5000589478149597e-07
1774.913 -7.602417734194465e-07
1783.33 -5.027159417556534e-07
1791.747 -8.329054710621316e-07
1800.163 -2.5590478370688107e-07
1808.58 -2.3415101916634272e-07
1816.997 -1.41324285859207e-07
1825.413 -2.7153899326878597e-09
1833.83 5.425413961826058e-10
1842.246 3.2007212682780484e-10
1850.663 7.121463305429595e-10
1859.08 4.5286264267629826e-10
1867.496 5.265595353038878e-10
1875.913 7.903638272207685e-10
1884.33 1.289767018361333e-09
1892.746 8.518212791166441e-10
1901.163 4.836387768177956e-10
1909.579 7.781370680467145e-10
1917.996 7.26354790092959e-10
1926.413 -3.350810171285768e-09
1934.829 -5.924666724587926e-08
1943.246 -1.0177090431981301e-07
1951.663 -1.0492199108137873e-07
1960.079 -1.1242844449305359e-07
1968.496 -1.2320148844965397e-07
1976.913 -1.2190437864182032e-07
1985.329 -1.2022885264615138e-07
1993.746 -1.1729035857801981e-07
2002.162 -1.1979073711410944e-07
2010.579 -1.2495626302107386e-07
2018.996 -1.23511514518726e-07
2027.412 -1.2729954665648505e-07
2035.829 -1.3209374027618097e-07
2044.246 -1.3274721466642167e-07
2052.662 -1.3749122354320147e-07
2061.079 -1.4185431933090918e-07
2069.495 -1.3864714784008806e-07
2077.912 -1.4065245530853457e-07
2086.329 -1.4147413700081178e-07
2094.745 -1.4718116027639908e-07
2103.162 -1.476466485007044e-07
2111.579 -1.5517657250568213e-07
2119.995 -1.695740123842637e-07
2128.412 -2.079351539828426e-07
2136.828 -2.904535558100852e-07
2145.245 -3.502607458824485e-07
2153.662 -5.997358228173821e-07
2162.078 -9.356454361567843e-07
2170.495 -1.0600303509355362e-06
2178.912 -8.345241470977574e-07
2187.328 -4.837810260343891e-07
2195.745 -2.531871923713023e-06
2204.161 -4.787019535616709e-06
2212.578 -1.3173254674363484e-06
2220.995 -2.35050978467564e-06
2229.411 -3.6445483095665268e-06
2237.828 -5.011375653361108e-06
2246.245 -6.481784796986411e-06
2254.661 -6.999731083849415e-06
2263.078 -8.161069806001833e-06
2271.494 -7.48533723269204e-06
2279.911 -7.692367122387437e-06
2288.328 -9.1046113342091e-06
2296.744 -1.2135007675505454e-05
2305.161 -9.54691407981715e-06
2313.578 -6.766989749689117e-06
2321.994 -1.1472057025500798e-05
2330.411 -7.399633678162505e-06
2338.827 -1.229721212393508e-05
2347.244 -1.6438694095781343e-05
2355.661 -1.1799988920815119e-05
2364.077 -7.158616112266047e-06
2372.494 -1.6335297047960677e-05
2380.911 -8.518184933131495e-06
2389.327 -7.96164926064638e-06
2397.744 -6.818527224395323e-06
2406.16 -5.13750700326731e-06
2414.577 -2.5596680278179657e-06
2422.994 -3.277433398217175e-06
2431.41 -2.3992077268399574e-06
2439.827 -1.532972390286237e-06
2448.244 -1.431646216296289e-06
2456.66 -9.044435869622407e-07
2465.077 -5.896594435025786e-07
2473.494 -5.417022623732276e-07
2481.91 -3.4802691064904433e-07
2490.327 -2.7889055736873386e-07
2498.743 -3.0267399802880605e-07
