1009.0 -3.0097322473874162e-15
1017.417 -1.5897517963151353e-12
1025.834 -1.870351487769794e-11
1034.25 -3.356684765982771e-11
1042.667 -4.65463804110221e-11
1051.084 -7.343127525514514e-11
1059.5 -1.0755295680295475e-10
1067.917 -1.0244063380032549e-10
1076.333 -1.1683989847991128e-10
1084.75 -6.487309134455094e-10
1093.167 -4.165181999160451e-09
1101.583 -4.039911044053096e-09
1110.0 -2.423924263469307e-08
1118.417 -7.17557492796228e-08
1126.833 -1.8777649624798433e-07
1135.25 -1.8017071589649144e-07
1143.666 -1.6259148679650528e-07
1152.083 -4.216770420452907e-07
1160.5 -5.17816549207899e-07
1168.916 -3.877815196452909e-07
1177.333 -2.126282190320673e-07
1185.75 -1.4332903262045238e-07
1194.166 -8.491506196071619e-08
1202.583 -4.2593008647947904e-08
1210.999 -1.4865667189640835e-08
1219.416 -4.713712080149516e-09
1227.833 -4.480975251012339e-09
1236.249 -3.667334982852518e-09
1244.666 -1.4032787982723576e-09
1253.083 -4.10171186630144e-10
1261.499 -3.438474947250322e-10
1269.916 -4.4362108835023765e-10
1278.332 -3.8682471753454993e-10
1286.749 -4.0176754423328223e-10
1295.166 -6.852888144789044e-10
1303.582 -1.3837804340248202e-08
1311.999 -8.847733528911715e-08
1320.416 -1.2319081765618428e-07
1328.832 -2.1040015659465632e-07
1337.249 -3.024636418360684e-07
1345.665 -3.711880941113983e-07
1354.082 -2.120131040159047e-07
1362.499 -2.779672227349611e-10
1370.915 9.569706084500806e-11
1379.332 5.0322990104872563e-11
1387.749 6.184111168724846e-11
1396.165 -5.596437989967833e-11
1404.582 -4.204802358550498e-09
1412.999 -6.458895604338567e-08
1421.415 -1.700455749501083e-07
1429.832 -1.5642678625513455e-07
1438.248 -7.916871866462903e-08
1446.665 -5.590946892476381e-08
1455.082 -4.034916745543745e-08
1463.498 -3.183509988006155e-08
1471.915 -3.665119515884388e-08
1480.332 -3.1545083291772634e-08
1488.748 -1.44467940249706e-08
1497.165 -8.202057525514058e-09
1505.581 -5.877754536592856e-09
1513.998 -4.0989470517678766e-09
1522.415 -2.5274464383523686e-09
1530.831 -1.6448906424857384e-09
1539.248 -1.459701930890544e-09
1547.665 -1.299492911564496e-09
1556.081 -1.3673440500989523e-09
1564.498 -1.2376719660950086e-09
1572.914 -1.1677394170349e-09
1581.331 -1.047380897875175e-09
1589.748 -1.4052461759101062e-09
1598.164 -4.637910941301363e-09
1606.581 -2.5308297396164284e-08
1614.998 -7.592554380815133e-08
1623.414 -2.8535510094827516e-07
1631.831 -8.478283211872007e-07
1640.247 -1.130129223237891e-06
1648.664 -1.0828863198513641e-06
1657.081 -7.435423318015441e-07
1665.497 -1.9486339040341774e-06
1673.914 -6.86362333626842e-07
1682.331 -6.172573137724271e-07
1690.747 -7.925685440151116e-07
1699.164 -9.996886671864216e-07
1707.58 -1.2613574537842943e-06
1715.997 -5.361272303361561e-07
1724.414 -1.0378974791496033e-06
1732.83 -8.588371488818753e-07
1741.247 -4.773731440373704e-07
1749.664 -2.688818791908992e-07
1758.08 -1.8733510395291117e-07
1766.497 -3.8046282138394666e-07
1774.913 -6.456949704550974e-07
1783.33 -4.068098299256235e-07
1791.747 -7.21037562527422e-07
1800.163 -1.932949468228445e-07
1808.58 -1.845838958039829e-07
1816.997 -1.2458882850459848e-07
1825.413 -1.3487368755819992e-09
1833.83 8.137773666926313e-10
1842.246 7.789575280123486e-10
1850.663 7.713738615409883e-10
1859.08 8.970961415772115e-10
1867.496 9.211691768454669e-10
1875.913 7.888993281495065e-10
1884.33 1.1737896797100303e-09
1892.746 1.1918668296848395e-09
1901.163 1.0436256894812648e-09
1909.579 1.0295396383045147e-09
1917.996 1.3169727834376708e-09
1926.413 6.745077357761836e-10
1934.829 -1.3026340732979845e-08
1943.246 -2.8780746981216045e-08
1951.663 -2.6524742951219318e-08
1960.079 -2.8740625218188744e-08
1968.496 -3.273203660026976e-08
1976.913 -3.078831950757533e-08
1985.329 -2.9237115010001172e-08
1993.746 -2.6823197085340394e-08
2002.162 -2.7557926082247274e-08
2010.579 -2.7743569159976388e-08
2018.996 -2.704290073624157e-08
2027.412 -2.6882933137251437e-08
2035.829 -2.8433356402408646e-08
2044.246 -2.9097028212291068e-08
2052.662 -2.981227394327869e-08
2061.079 -3.06539358059788e-08
2069.495 -2.9415104325604728e-08
2077.912 -2.9999963457604086e-08
2086.329 -3.052857874869449e-08
2094.745 -3.094433968407616e-08
2103.162 -3.2913860084441364e-08
2111.579 -3.825936586909725e-08
2119.995 -5.1139357300394177e-08
2128.412 -7.947915439628026e-08
2136.828 -1.6633693405637657e-07
2145.245 -3.131541078681505e-07
2153.662 -5.775579719611997e-07
2162.078 -8.732927632150319e-07
2170.495 -9.674810504902876e-07
2178.912 -7.538936972542994e-07
2187.328 -4.331188930455748e-07
2195.745 -2.2377865205573936e-06
2204.161 -4.404855295868402e-06
2212.578 -1.2135169253286462e-06
2220.995 -2.1945317110060527e-06
2229.411 -3.3493216908877693e-06
2237.828 -4.6585715992383015e-06
2246.245 -5.911211911813397e-06
2254.661 -6.399619193478363e-06
2263.078 -7.2247589376992395e-06
2271.494 -6.454339943679006e-06
2279.911 -6.611417687821383e-06
2288.328 -8.023126730566478e-06
2296.744 -1.08588039251208e-05
2305.161 -8.468502970029621e-06
2313.578 -5.356054822164115e-06
2321.994 -9.903599054085298e-06
2330.411 -6.691142997219533e-06
2338.827 -1.1010629320878281e-05
2347.244 -1.43728966951357e-05
2355.661 -9.774410054707107e-06
2364.077 -5.9213671664441225e-06
2372.494 -1.3503470934767719e-05
2380.911 -7.317456684182753e-06
2389.327 -6.818425965986612e-06
2397.744 -6.0767609884775685e-06
2406.16 -4.554929544157592e-06
2414.577 -2.349067897638821e-06
2422.994 -3.0972168591831802e-06
2431.41 -2.2313669304393573e-06
2439.827 -1.4445482975283955e-06
2448.244 -1.3765561410505335e-06
2456.66 -9.188384421623575e-07
2465.077 -5.591064382468034e-07
2473.494 -5.012109599049688e-07
2481.91 -3.182905666682814e-07
2490.327 -2.4990976531332605e-07
2498.743 -2.871189675467989e-07
