1009.0 0.0
1017.417 0.0
1025.834 0.0
1034.25 0.0
1042.667 0.0
1051.084 0.0
1059.5 0.0
1067.917 -4.786474247262558e-16
1076.333 -9.511215796481297e-12
1084.75 -1.4870577915386727e-09
1093.167 -5.311091139634178e-09
1101.583 -3.005297309388239e-09
1110.0 -6.56431432384686e-09
1118.417 -3.8112021167046995e-08
1126.833 -1.6233212105692314e-07
1135.25 -1.7318504404801406e-07
1143.666 -1.263850864971155e-07
1152.083 -3.398150474411293e-07
1160.5 -3.981746018007893e-07
1168.916 -2.872326712119173e-07
1177.333 -1.448603245233181e-07
1185.75 -1.0713209752700983e-07
1194.166 -7.197205304367598e-08
1202.583 -1.2997377843924981e-08
1210.999 -1.4426685824805397e-09
1219.416 -2.3544351908345548e-09
1227.833 -4.236976529733929e-09
1236.249 -2.0003566294179577e-09
1244.666 -5.427957483087311e-10
1253.083 -7.906806315124856e-11
1261.499 -4.2523570998685356e-10
1269.916 -1.3502480780296374e-10
1278.332 -5.676114831748663e-10
1286.749 -6.969941044280765e-10
1295.166 -3.8360357289477127e-10
1303.582 -1.2704770878542366e-08
1311.999 -7.501724357353053e-08
1320.416 -1.2152024817178246e-07
1328.832 -1.7484257705478215e-07
1337.249 -2.4776497202004824e-07
1345.665 -2.826140891144673e-07
1354.082 -1.4512514254880195e-07
1362.499 -1.546452886659053e-10
1370.915 1.0394264877197893e-10
1379.332 3.974206084956155e-10
1387.749 3.6220690841224426e-10
1396.165 1.0797813572525265e-10
1404.582 -2.666691909837439e-09
1412.999 -7.066649845522827e-08
1421.415 -1.1537635349118714e-07
1429.832 -1.6302421492576715e-07
1438.248 -7.599880858944807e-08
1446.665 -1.0883868272902236e-07
1455.082 -3.154937212215704e-08
1463.498 -2.3531292138373047e-08
1471.915 -2.513878310799825e-08
1480.332 3.34822918170468e-09
1488.748 3.0820360438060615e-08
1497.165 -6.040664789378369e-09
1505.581 8.251525818119955e-09
1513.998 -5.8540907267436465e-09
1522.415 -5.369958866994623e-09
1530.831 -2.8233190148878037e-09
1539.248 -2.2026189230692947e-09
1547.665 -3.286326076892459e-09
1556.081 -2.6466893708638876e-09
1564.498 -4.422037549590526e-09
1572.914 -2.413409857917098e-09
1581.331 -3.2736872822557252e-09
1589.748 -4.0561905562026415e-09
1598.164 -7.73999902868346e-09
1606.581 -2.9216434858865095e-08
1614.998 -6.66110130578824e-08
1623.414 -2.8075896367165655e-07
1631.831 -8.298562945367756e-07
1640.247 -1.0523341638963934e-06
1648.664 -1.069143163836085e-06
1657.081 -7.415108657189056e-07
1665.497 -1.956973835442275e-06
1673.914 -6.780636644168158e-07
1682.331 -6.060188701344538e-07
1690.747 -7.292393988277154e-07
1699.164 -9.411445626695296e-07
1707.58 -1.2239934260132907e-06
1715.997 -5.13225331117837e-07
1724.414 -9.644084056772966e-07
1732.83 -7.910729034697036e-07
1741.247 -4.320269694996803e-07
1749.664 -2.468700577155513e-07
1758.08 -1.7426838105799056e-07
1766.497 -3.2595691471086384e-07
1774.913 -5.44496452286051e-07
1783.33 -3.369580992522917e-07
1791.747 -6.269411886936732e-07
1800.163 -1.4899526765496908e-07
1808.58 -1.4223459354270707e-07
1816.997 -1.0033620678719197e-07
1825.413 -1.2890096742167145e-09
1833.83 4.420458216398279e-10
1842.246 3.477709206790116e-11
1850.663 6.265943870647686e-10
1859.08 2.607047342687931e-10
1867.496 9.374587503658949e-10
1875.913 5.507667495013574e-10
1884.33 8.157760991768155e-10
1892.746 1.1338259645324404e-09
1901.163 3.7224195154580654e-10
1909.579 8.899493181743346e-10
1917.996 1.1636389917479246e-09
1926.413 7.206428586835227e-10
1934.829 -4.105199124476313e-09
1943.246 -1.2591227046803933e-08
1951.663 -1.3361720710923991e-08
1960.079 3.0749546092142914e-09
1968.496 4.799354639391812e-08
1976.913 -1.4894573248503294e-08
1985.329 -9.454644911723644e-09
1993.746 -6.2405237327846e-09
2002.162 -3.296521881083687e-09
2010.579 -1.3766566847447288e-08
2018.996 -1.6306754078595194e-08
2027.412 -8.148367450550346e-09
2035.829 -7.2344149909678085e-09
2044.246 -7.026996233073508e-09
2052.662 -8.239071685143095e-09
2061.079 -7.2000543298350166e-09
2069.495 -6.6187705283830095e-09
2077.912 -9.428824849162284e-09
2086.329 -1.1212123516106713e-08
2094.745 -1.2658750516307526e-08
2103.162 -9.692774155160889e-09
2111.579 -1.819959276280397e-08
2119.995 -4.7585976630029504e-08
2128.412 -4.989820647124216e-08
2136.828 -1.2548237406349864e-07
2145.245 -2.865396581185297e-07
2153.662 -5.192746213028692e-07
2162.078 -8.145900954177977e-07
2170.495 -9.082542042249096e-07
2178.912 -7.409272098219258e-07
2187.328 -3.7035931724836594e-07
2195.745 -2.1117324258365855e-06
2204.161 -4.222657109570537e-06
2212.578 -1.1779631595501471e-06
2220.995 -2.1280167579619786e-06
2229.411 -3.25415885015008e-06
2237.828 -4.488425290519849e-06
2246.245 -5.701015990990528e-06
2254.661 -6.328933844609558e-06
2263.078 -7.082644576102582e-06
2271.494 -6.4010535680541895e-06
2279.911 -6.579754284308696e-06
2288.328 -8.03855769587362e-06
2296.744 -1.0817626083564976e-05
2305.161 -8.312450708941613e-06
2313.578 -5.190067111481827e-06
2321.994 -9.540151668712888e-06
2330.411 -6.666383399270696e-06
2338.827 -1.072324117534294e-05
2347.244 -1.3526149774338548e-05
2355.661 -9.3295232077552e-06
2364.077 -5.9239988585661325e-06
2372.494 -1.2739660480798335e-05
2380.911 -6.532812819953195e-06
2389.327 -6.277321573100103e-06
2397.744 -5.605419093996994e-06
2406.16 -4.1408591190767014e-06
2414.577 -1.9966699724620834e-06
2422.994 -2.760688747436831e-06
2431.41 -2.0377949768114912e-06
2439.827 -1.3553288840580805e-06
2448.244 -1.1600442635088754e-06
2456.66 -8.234487059079689e-07
2465.077 -5.652320818260025e-07
2473.494 -4.1646834343455373e-07
2481.91 -2.3759361453210166e-07
2490.327 -1.5415145828702538e-07
2498.743 -2.50711534173856e-07
