1009.0 0.0
1017.417 0.0
1025.834 0.0
1034.25 0.0
1042.667 0.0
1051.084 0.0
1059.5 0.0
1067.917 -3.0794760680881525e-16
1076.333 -6.3648493425281194e-12
1084.75 -1.3795222482559479e-09
1093.167 -7.663924845161033e-09
1101.583 -4.57496122136694e-09
1110.0 -2.116686635730123e-08
1118.417 -8.107021632442807e-08
1126.833 -1.631509941351312e-07
1135.25 -1.7282061758546663e-07
1143.666 -1.4123931563396318e-07
1152.083 -3.1410113742214426e-07
1160.5 -3.8746185670023034e-07
1168.916 -2.941092327366143e-07
1177.333 -1.5453621126204846e-07
1185.75 -9.111262266806422e-08
1194.166 -5.3289613834683255e-08
1202.583 -3.350531125124232e-08
1210.999 9.355650890035049e-09
1219.416 2.9459128600991084e-09
1227.833 -2.4576199346931568e-09
1236.249 6.609642957878731e-10
1244.666 -7.275608107880766e-10
1253.083 -4.1417518613026136e-10
1261.499 -1.7115796906483615e-11
1269.916 -4.005456742575473e-11
1278.332 -1.57490023404678e-10
1286.749 -1.7165707887729386e-09
1295.166 -1.174647680038452e-09
1303.582 -1.1110918591669115e-08
1311.999 -4.915256938680551e-08
1320.416 -1.0502141420496379e-07
1328.832 -1.8222070193233764e-07
1337.249 -2.2662499607678813e-07
1345.665 -2.8754061284849756e-07
1354.082 -1.4969481179493237e-07
1362.499 -2.0631306186737248e-10
1370.915 1.394872148956871e-10
1379.332 1.1564116657867194e-10
1387.749 2.9052991224931356e-10
1396.165 -5.954628543687938e-11
1404.582 -2.486209168767565e-09
1412.999 -4.821984053511167e-08
1421.415 -1.0555917122060901e-07
1429.832 -1.0706142539778989e-07
1438.248 -8.262681810676824e-08
1446.665 -7.147571268281335e-08
1455.082 -3.0994008970558775e-08
1463.498 -3.020999498136818e-08
1471.915 -3.464656339001731e-08
1480.332 -4.2918183372579224e-08
1488.748 -1.7861211710802463e-08
1497.165 -8.498790566085633e-09
1505.581 -2.4583937891768767e-08
1513.998 -9.114649493467402e-09
1522.415 -3.2704033090724975e-09
1530.831 2.451235917474734e-08
1539.248 -3.7112432877776623e-09
1547.665 -3.7641618651036464e-09
1556.081 -4.504186853618529e-09
1564.498 -4.396099749127447e-09
1572.914 -4.053695750832379e-09
1581.331 -3.4621584257298387e-09
1589.748 -3.4594936753080346e-09
1598.164 -6.3635031377983915e-09
1606.581 -2.0333500414983147e-08
1614.998 -6.213840780820836e-08
1623.414 -2.771766133813289e-07
1631.831 -8.292952436327997e-07
1640.247 -1.1251043791937316e-06
1648.664 -1.0725129801354352e-06
1657.081 -7.5535963388849e-07
1665.497 -2.0691598958917727e-06
1673.914 -6.950385037818931e-07
1682.331 -6.105800450786584e-07
1690.747 -6.867480244499573e-07
1699.164 -9.50916328493212e-07
1707.58 -1.1820353298144478e-06
1715.997 -4.919193015328222e-07
1724.414 -9.604540535756648e-07
1732.83 -8.157988224218289e-07
1741.247 -4.4403901034515476e-07
1749.664 -2.4781502571862345e-07
1758.08 -1.9165368880204918e-07
1766.497 -3.7217895497887453e-07
1774.913 -5.254404194481111e-07
1783.33 -3.236097123506481e-07
1791.747 -6.486013426154103e-07
1800.163 -1.8638125287999033e-07
1808.58 -1.4834446021288685e-07
1816.997 -9.972009203552464e-08
1825.413 -1.5264854598454957e-09
1833.83 -4.653375727960906e-12
1842.246 2.8026088938539633e-10
1850.663 3.337354493412293e-10
1859.08 3.3101859873611345e-10
1867.496 4.1163872872685387e-10
1875.913 4.60961815699738e-10
1884.33 4.563664056820274e-10
1892.746 7.280127523110777e-10
1901.163 2.7877240203511665e-10
1909.579 1.1599668088439013e-09
1917.996 9.228154467134946e-10
1926.413 5.873062348477436e-10
1934.829 -6.6722881344605885e-09
1943.246 -1.6078510007269714e-08
1951.663 -2.3847701211569514e-08
1960.079 -1.4866377126127011e-08
1968.496 -3.116378044680409e-08
1976.913 -9.260450757667075e-09
1985.329 8.922391216638866e-10
1993.746 -1.4345782880968347e-09
2002.162 1.3128924387517773e-09
2010.579 -1.3089635717649877e-08
2018.996 -1.827363845906791e-08
2027.412 -1.0545193060482232e-08
2035.829 -1.1856613382059171e-08
2044.246 -3.0009533152168955e-08
2052.662 -3.5748473212749046e-08
2061.079 -1.05358048627756e-08
2069.495 -7.40905645126356e-09
2077.912 -7.37967385835802e-09
2086.329 -7.856251703904245e-09
2094.745 -6.684292568635115e-09
2103.162 -1.0339592878677414e-08
2111.579 -1.918566195823226e-08
2119.995 -1.8970280464857125e-08
2128.412 -4.759086653775219e-08
2136.828 -1.27756489288034e-07
2145.245 -2.888899274383828e-07
2153.662 -5.278738179029977e-07
2162.078 -8.535294784751288e-07
2170.495 -9.092520369989483e-07
2178.912 -7.190933135302209e-07
2187.328 -4.1836183445810504e-07
2195.745 -2.103199872924065e-06
2204.161 -4.303792290391735e-06
2212.578 -1.210886323098687e-06
2220.995 -2.1389297411067335e-06
2229.411 -3.3420147064480907e-06
2237.828 -4.5811766270654455e-06
2246.245 -5.913852992596519e-06
2254.661 -6.4971204147492275e-06
2263.078 -7.270060240437109e-06
2271.494 -6.640888353522288e-06
2279.911 -6.835954831595394e-06
2288.328 -8.35444771081327e-06
2296.744 -1.1064610751094063e-05
2305.161 -8.45579635251481e-06
2313.578 -5.4444594469171e-06
2321.994 -9.720167948947537e-06
2330.411 -6.76079613746679e-06
2338.827 -1.0774242308132445e-05
2347.244 -1.3892779705913576e-05
2355.661 -9.722993600391169e-06
2364.077 -6.166096031024828e-06
2372.494 -1.3697605883265384e-05
2380.911 -6.728839370986094e-06
2389.327 -6.4589688908114905e-06
2397.744 -5.795112076917389e-06
2406.16 -4.237330126195345e-06
2414.577 -2.061588388722746e-06
2422.994 -2.800691687915751e-06
2431.41 -2.0856478475864547e-06
2439.827 -1.3609439875991104e-06
2448.244 -1.1303032451845376e-06
2456.66 -8.553852196967334e-07
2465.077 -4.6997182740232347e-07
2473.494 -3.707838467507899e-07
2481.91 -1.841245042949665e-07
2490.327 -1.6060118987833833e-07
2498.743 -2.726150976754597e-07
