1009.0 0.0
1017.417 0.0
1025.834 -2.50708544833539e-18
1034.25 -1.2986031651682035e-13
1042.667 -3.122654075925679e-11
1051.084 -3.4795362133015467e-11
1059.5 -3.2124641176345607e-13
1067.917 -3.441943570137688e-11
1076.333 -4.833498747404555e-11
1084.75 -1.503497720295856e-09
1093.167 -4.8590994982408145e-09
1101.583 -5.931196973095782e-09
1110.0 -1.0824192818843363e-08
1118.417 -4.2433583546781424e-08
1126.833 -1.686763475731557e-07
1135.25 -1.3732067929808094e-07
1143.666 -1.039763038784739e-07
1152.083 -3.395134581980006e-07
1160.5 -4.1167238906754624e-07
1168.916 -3.138601181441805e-07
1177.333 -1.4491386219353665e-07
1185.75 -1.0656788330042767e-07
1194.166 -7.497661582147791e-08
1202.583 -2.2110088960839552e-08
1210.999 -1.1439444772746e-08
1219.416 -5.880872250798165e-09
1227.833 -5.061907467038689e-09
1236.249 -2.7105168572289325e-09
1244.666 -1.0279928629060247e-09
1253.083 -2.1294685988278364e-10
1261.499 -5.589304201086895e-10
1269.916 -3.7389547063136194e-10
1278.332 -7.485008926305228e-10
1286.749 -2.6989844192284394e-10
1295.166 -9.531130687901144e-10
1303.582 -6.8871679115915e-09
1311.999 -7.428649927676112e-08
1320.416 -1.1998895127217065e-07
1328.832 -1.6836824632614658e-07
1337.249 -2.3357783414564955e-07
1345.665 -2.836589693056401e-07
1354.082 -1.4514948100250176e-07
1362.499 -1.4385985885460743e-10
1370.915 1.776349467297398e-10
1379.332 5.470767038412289e-10
1387.749 5.088907977083383e-10
1396.165 8.914536018350519e-11
1404.582 -3.3605804267296637e-09
1412.999 -7.132518203605671e-08
1421.415 -1.0823039729346131e-07
1429.832 -1.0726344996691978e-07
1438.248 -1.7554978898860465e-08
1446.665 -7.880301501634291e-08
1455.082 -2.346821441208709e-08
1463.498 -2.2835409920074422e-08
1471.915 -3.38954543113748e-08
1480.332 -2.567308885040842e-08
1488.748 2.201686102515228e-09
1497.165 -6.184634310364811e-09
1505.581 -1.6286041307331722e-10
1513.998 -5.359165313501955e-09
1522.415 -4.192032720300077e-09
1530.831 -2.71125499346028e-09
1539.248 -2.394159659315247e-09
1547.665 -2.1010632447283535e-09
1556.081 -2.611359641433852e-09
1564.498 -3.668232795390443e-09
1572.914 -1.1609794962334855e-09
1581.331 -3.3529758094555513e-09
1589.748 -3.495023201021654e-09
1598.164 -8.042056512744037e-09
1606.581 -2.4609601853172608e-08
1614.998 -6.303855772298879e-08
1623.414 -2.8075615149377833e-07
1631.831 -8.351816868595365e-07
1640.247 -1.031064454623645e-06
1648.664 -9.906298094372989e-07
1657.081 -7.228046737095945e-07
1665.497 -1.889371393253079e-06
1673.914 -6.51265972233322e-07
1682.331 -5.883927794399172e-07
1690.747 -7.031274885015443e-07
1699.164 -9.318760679484816e-07
1707.58 -1.1927682993622012e-06
1715.997 -5.075798545595338e-07
1724.414 -9.740169615163275e-07
1732.83 -7.963084291134503e-07
1741.247 -4.2022798475102583e-07
1749.664 -2.4358663695521155e-07
1758.08 -1.7578581613549425e-07
1766.497 -3.276720008193227e-07
1774.913 -5.44551709437403e-07
1783.33 -3.5070107778312386e-07
1791.747 -6.355183922483471e-07
1800.163 -1.5491154674976606e-07
1808.58 -1.4270420786111872e-07
1816.997 -1.0167585278591066e-07
1825.413 -9.018673067309227e-10
1833.83 6.182940389660706e-10
1842.246 4.4113962560055826e-11
1850.663 6.332273652983898e-10
1859.08 4.867618549902467e-10
1867.496 7.474113513932418e-10
1875.913 6.217347419235155e-10
1884.33 9.680516409448312e-10
1892.746 1.0625440674391486e-09
1901.163 8.73299085694171e-10
1909.579 9.179654362949479e-10
1917.996 1.3673276222171964e-09
1926.413 1.0332417129140185e-09
1934.829 -3.6037151844884363e-09
1943.246 -2.113737459357557e-08
1951.663 -4.282204639456126e-08
1960.079 -1.2766015683336554e-08
1968.496 4.4270029234127415e-09
1976.913 -1.8034379320910628e-08
1985.329 -8.9944345347325e-09
1993.746 -4.80754465861292e-09
2002.162 -4.287904061965679e-09
2010.579 -1.2129500602320443e-08
2018.996 -1.3952746232973075e-08
2027.412 -5.3903243963713785e-09
2035.829 -1.0050097520024107e-08
2044.246 -8.110981408537503e-09
2052.662 -8.86527700104188e-09
2061.079 -7.70712288264396e-09
2069.495 -7.18539320539023e-09
2077.912 -8.697507256401037e-09
2086.329 -7.800070725135262e-09
2094.745 -1.2744172894519705e-08
2103.162 -1.2285333601839725e-08
2111.579 -2.0656623455489562e-08
2119.995 -3.2794636292534985e-08
2128.412 -4.951477579773004e-08
2136.828 -1.3329922383375496e-07
2145.245 -2.865825018677155e-07
2153.662 -5.281798469426942e-07
2162.078 -7.961996675038491e-07
2170.495 -8.811212558196322e-07
2178.912 -7.252194927179869e-07
2187.328 -3.621580180526912e-07
2195.745 -2.1113926895209963e-06
2204.161 -4.246548292557324e-06
2212.578 -1.1906336049745813e-06
2220.995 -2.115065125595185e-06
2229.411 -3.236123731251776e-06
2237.828 -4.4698317081353095e-06
2246.245 -5.672194601125881e-06
2254.661 -6.348169725870736e-06
2263.078 -7.0113458926297005e-06
2271.494 -6.3351893228542335e-06
2279.911 -6.477145405053747e-06
2288.328 -7.920001596444653e-06
2296.744 -1.067405341893247e-05
2305.161 -8.192156516195042e-06
2313.578 -5.0330548539485394e-06
2321.994 -9.436198384079715e-06
2330.411 -6.542362035407331e-06
2338.827 -1.0472524457866617e-05
2347.244 -1.3275755118111027e-05
2355.661 -9.199363117179855e-06
2364.077 -5.808691680012633e-06
2372.494 -1.2339951019096873e-05
2380.911 -6.2484709645833665e-06
2389.327 -6.1847147719083765e-06
2397.744 -5.555148656167092e-06
2406.16 -4.127998513603524e-06
2414.577 -2.0226355886407794e-06
2422.994 -2.7315453752927833e-06
2431.41 -2.0457848128062347e-06
2439.827 -1.3523996662081355e-06
2448.244 -1.167854728297008e-06
2456.66 -8.325972004907014e-07
2465.077 -5.489465965610027e-07
2473.494 -3.8604802340210917e-07
2481.91 -2.1580456998383458e-07
2490.327 -1.5056711338321834e-07
2498.743 -2.090685927926136e-07
