1009.0 -4.752496669384874e-15
1017.417 -2.273086600001797e-12
1025.834 -1.202763292237311e-11
1034.25 -2.0005013104335274e-11
1042.667 -1.7521485451386117e-11
1051.084 -3.9529551180690436e-11
1059.5 -5.669765443144782e-11
1067.917 -5.865965843939412e-11
1076.333 -5.4382828832848746e-11
1084.75 -6.605021923922118e-10
1093.167 -4.181877693856429e-09
1101.583 -3.890114143204542e-09
1110.0 -2.145423827081299e-08
1118.417 -6.253750700036162e-08
1126.833 -1.6838228353348703e-07
1135.25 -1.618531591166848e-07
1143.666 -1.4065247336230903e-07
1152.083 -3.9854051208826636e-07
1160.5 -4.879987209883691e-07
1168.916 -3.617190696945156e-07
1177.333 -1.8577633002044263e-07
1185.75 -1.1961401746143484e-07
1194.166 -7.414430577706784e-08
1202.583 -3.949090149396878e-08
1210.999 -1.4239744853350605e-08
1219.416 -4.3875960987715785e-09
1227.833 -4.6094810514565505e-09
1236.249 -3.7746988069722556e-09
1244.666 -1.4693633288029106e-09
1253.083 -3.979203455947844e-10
1261.499 -2.5955696614615165e-10
1269.916 -1.7649543127301473e-10
1278.332 -2.618057484693673e-10
1286.749 -2.4462443247566546e-10
1295.166 -4.10669810433368e-10
1303.582 -1.202461418394983e-08
1311.999 -8.111826307106842e-08
1320.416 -1.1636115825421362e-07
1328.832 -1.940466139778124e-07
1337.249 -2.795893140320993e-07
1345.665 -3.461581192450379e-07
1354.082 -1.910501098436321e-07
1362.499 -2.359909513063989e-10
1370.915 3.954770762561904e-11
1379.332 4.49937120368825e-11
1387.749 4.98101880234727e-11
1396.165 2.2908958002367363e-11
1404.582 -3.867307919344092e-09
1412.999 -6.004773960255317e-08
1421.415 -1.5155266682831266e-07
1429.832 -1.4158912606345623e-07
1438.248 -7.68703785410816e-08
1446.665 -5.38014297276331e-08
1455.082 -4.244276773377122e-08
1463.498 -3.136664821742709e-08
1471.915 -3.7191914788166856e-08
1480.332 -3.242733029907918e-08
1488.748 -1.1243467944814467e-08
1497.165 -7.538451948786824e-09
1505.581 -5.967358192154872e-09
1513.998 -3.4985890679094745e-09
1522.415 -7.321674828191502e-10
1530.831 -9.305281416327287e-10
1539.248 -9.35212903154972e-10
1547.665 -8.217755544589204e-10
1556.081 -7.140080129653205e-10
1564.498 -8.078144164080242e-10
1572.914 -7.358487247991384e-10
1581.331 -7.567233720375172e-10
1589.748 -8.177981581731043e-10
1598.164 -4.345422214861224e-09
1606.581 -2.372705272655207e-08
1614.998 -7.431250775962654e-08
1623.414 -2.815698234588342e-07
1631.831 -7.884330811423533e-07
1640.247 -9.415571627432374e-07
1648.664 -9.228152570833325e-07
1657.081 -6.531688471489625e-07
1665.497 -1.6373782415836247e-06
1673.914 -6.097069370460489e-07
1682.331 -5.491177896701768e-07
1690.747 -7.282884510401366e-07
1699.164 -9.626936990289086e-07
1707.58 -1.2218889927162498e-06
1715.997 -5.166703063416653e-07
1724.414 -1.0006462689480866e-06
1732.83 -8.246413234711845e-07
1741.247 -4.585172965584846e-07
1749.664 -2.5425106082416975e-07
1758.08 -1.730145389329059e-07
1766.497 -3.5952163255623645e-07
1774.913 -6.180280656394255e-07
1783.33 -3.729179527583669e-07
1791.747 -6.706402783742548e-07
1800.163 -1.6225689939697774e-07
1808.58 -1.6343867218578597e-07
1816.997 -1.1513541650993486e-07
1825.413 -8.605910112227906e-10
1833.83 7.05066420880718e-10
1842.246 7.401383856334701e-10
1850.663 7.523319837912368e-10
1859.08 7.463234321801918e-10
1867.496 8.21743936914761e-10
1875.913 9.118528856015847e-10
1884.33 1.465550593132701e-09
1892.746 1.4239613346200747e-09
1901.163 9.761390551083325e-10
1909.579 1.1330893885624695e-09
1917.996 1.5458451932731993e-09
1926.413 1.5123490903615207e-09
1934.829 -2.1873510996652134e-09
1943.246 -6.8151720455805845e-09
1951.663 1.9265908936609973e-09
1960.079 1.9961016589988903e-09
1968.496 -4.287484947152692e-09
1976.913 5.882212962232724e-10
1985.329 2.2455633199952732e-09
1993.746 5.655192071416939e-09
2002.162 5.334528525071685e-09
2010.579 5.582249564631589e-09
2018.996 5.915547674434535e-09
2027.412 6.950648288010546e-09
2035.829 7.037802423923624e-09
2044.246 7.788650421986516e-09
2052.662 7.158372572842349e-09
2061.079 6.361907585314769e-09
2069.495 7.869124127707269e-09
2077.912 7.648238592585373e-09
2086.329 8.271667707988609e-09
2094.745 7.771386031180272e-09
2103.162 6.910311976662899e-09
2111.579 2.547940178298469e-09
2119.995 -7.939213676180043e-09
2128.412 -3.6558028025701916e-08
2136.828 -1.2384251912225368e-07
2145.245 -2.912260036457223e-07
2153.662 -5.547349421423867e-07
2162.078 -8.167984489491769e-07
2170.495 -9.003188010006834e-07
2178.912 -6.825859306843546e-07
2187.328 -3.9640854811443014e-07
2195.745 -1.993617091919719e-06
2204.161 -4.032276306755929e-06
2212.578 -1.1457747676698253e-06
2220.995 -2.0445843803962246e-06
2229.411 -3.09217296077903e-06
2237.828 -4.30154758595533e-06
2246.245 -5.390413499172528e-06
2254.661 -5.833502520592789e-06
2263.078 -6.4080776192186725e-06
2271.494 -5.635816000325178e-06
2279.911 -5.7537968030633015e-06
2288.328 -7.137985753077276e-06
2296.744 -9.703272046484935e-06
2305.161 -7.515869168135741e-06
2313.578 -4.195883447955642e-06
2321.994 -8.613934007486713e-06
2330.411 -6.0801833006719595e-06
2338.827 -9.825129207632811e-06
2347.244 -1.2602437544587517e-05
2355.661 -8.216580137900437e-06
2364.077 -4.994103583313491e-06
2372.494 -1.117907254783995e-05
2380.911 -6.298974057273893e-06
2389.327 -5.8409351257235335e-06
2397.744 -5.4190877934979025e-06
2406.16 -4.059934715982927e-06
2414.577 -2.1444266219008874e-06
2422.994 -2.9473588324525986e-06
2431.41 -2.1226241013855536e-06
2439.827 -1.3976982958032734e-06
2448.244 -1.3431851366841532e-06
2456.66 -9.006189552560652e-07
2465.077 -5.447082129285873e-07
2473.494 -4.949199686930348e-07
2481.91 -3.21252351380867e-07
2490.327 -2.547209049607343e-07
2498.743 -2.75735905964909e-07
