1009.0 0.0
1017.417 0.0
1025.834 8.356951494451223e-19
1034.25 4.328677217227305e-14
1042.667 1.0408846919752165e-11
1051.084 1.1598454044338383e-11
1059.5 1.0708213725448439e-13
1067.917 1.1472859346638105e-11
1076.333 9.112130687199493e-12
1084.75 -1.1458593345008495e-09
1093.167 -5.614245981846421e-09
1101.583 1.9639977365019108e-09
1110.0 -9.319712252452036e-09
1118.417 -6.720785749852304e-08
1126.833 -1.343979423629335e-07
1135.25 -1.4748354266896802e-07
1143.666 -1.3408712969699958e-07
1152.083 -3.270622598240193e-07
1160.5 -4.037743998528067e-07
1168.916 -2.5305825094763375e-07
1177.333 -1.90871113129418e-07
1185.75 -1.305708700931175e-07
1194.166 -6.9859997291835e-08
1202.583 -4.392608948968344e-08
1210.999 -1.340677638162654e-08
1219.416 -4.737952817446846e-09
1227.833 -3.781962033795758e-09
1236.249 -3.120650606092873e-09
1244.666 -8.49004242167664e-10
1253.083 -9.264319346894313e-11
1261.499 -1.3735477784534313e-10
1269.916 -6.956474029320179e-10
1278.332 -2.865978654811832e-10
1286.749 -3.5295281482441627e-10
1295.166 -4.818196489262991e-10
1303.582 -9.827239362225172e-09
1311.999 -6.890720576161472e-08
1320.416 -1.17401940047096e-07
1328.832 -1.6988218532000134e-07
1337.249 -2.4963476993109894e-07
1345.665 -3.016258829682564e-07
1354.082 -1.5055016419899448e-07
1362.499 2.0596451702946975e-11
1370.915 2.773218834464452e-10
1379.332 2.52029462098057e-11
1387.749 4.457419834791113e-10
1396.165 1.0444769400733492e-10
1404.582 -2.5299412998352215e-09
1412.999 -3.305809146664934e-08
1421.415 -9.343433363719855e-08
1429.832 -1.0697909293651876e-07
1438.248 -5.6946320815747304e-08
1446.665 -6.915038376046682e-08
1455.082 -2.8598479089737062e-08
1463.498 -1.5054704087609177e-08
1471.915 -1.607772469420294e-08
1480.332 -1.686523866910486e-08
1488.748 -2.573385492636662e-08
1497.165 -8.436089183818968e-09
1505.581 -1.7796203325749282e-08
1513.998 -3.171932829128138e-09
1522.415 -5.240547192291753e-09
1530.831 -3.5019600661075547e-09
1539.248 -2.8960526262691926e-09
1547.665 -2.133251965077681e-09
1556.081 -2.3432531480092893e-09
1564.498 -2.1951916118715194e-09
1572.914 -2.1572550289434555e-09
1581.331 -3.8597212742055406e-09
1589.748 -2.748915197886361e-09
1598.164 -4.129110245070972e-09
1606.581 -1.1511156712444517e-08
1614.998 -5.15496633398565e-08
1623.414 -2.767245705918453e-07
1631.831 -7.936718156918385e-07
1640.247 -1.0099507873059597e-06
1648.664 -9.854826069285666e-07
1657.081 -6.749282011973387e-07
1665.497 -1.8480089706690873e-06
1673.914 -6.593102974979635e-07
1682.331 -5.651464047655017e-07
1690.747 -6.769748782090852e-07
1699.164 -9.296195021241125e-07
1707.58 -1.1737114888262155e-06
1715.997 -4.959106873177743e-07
1724.414 -9.932895342128996e-07
1732.83 -8.033892919698843e-07
1741.247 -4.339093965833111e-07
1749.664 -2.4569054956523896e-07
1758.08 -1.9623301619162568e-07
1766.497 -3.527649543138226e-07
1774.913 -6.063972087201744e-07
1783.33 -3.1944482228935506e-07
1791.747 -6.295367976668397e-07
1800.163 -1.7587351384755727e-07
1808.58 -1.4410501240664776e-07
1816.997 -9.88051816010168e-08
1825.413 -9.42288294292081e-10
1833.83 6.132510402887347e-10
1842.246 5.991048235424714e-10
1850.663 4.3889568784770855e-10
1859.08 8.03242696437848e-10
1867.496 4.850346375725728e-10
1875.913 7.704309525333345e-10
1884.33 6.34894342727228e-10
1892.746 4.0933876394635753e-10
1901.163 4.056680552401987e-10
1909.579 1.51976227208107e-10
1917.996 5.894679223653582e-10
1926.413 1.361089765390942e-10
1934.829 -6.836917838996301e-09
1943.246 -1.644071164962307e-08
1951.663 -1.9248601554980584e-08
1960.079 -1.8630381567032423e-08
1968.496 -2.0907204326961033e-08
1976.913 -9.389222624324164e-09
1985.329 -1.4732089268983167e-08
1993.746 -1.4928249421535978e-08
2002.162 -2.7242208632629996e-08
2010.579 2.2586162232883927e-08
2018.996 3.837399482160123e-08
2027.412 -8.65330616785594e-09
2035.829 -9.370791481652541e-09
2044.246 -1.1620095642409714e-08
2052.662 -1.3414002298231682e-08
2061.079 -1.1792422363275343e-08
2069.495 -1.21829305166858e-08
2077.912 -1.3202023909905508e-08
2086.329 -1.2088466742578871e-08
2094.745 -8.509478753824282e-09
2103.162 -1.4591420460147816e-08
2111.579 -2.100162897488406e-08
2119.995 -1.380827606401873e-08
2128.412 -5.379040370570077e-08
2136.828 -1.436659698613025e-07
2145.245 -2.677531424588577e-07
2153.662 -5.226165944145941e-07
2162.078 -8.180093934507272e-07
2170.495 -8.93869063718577e-07
2178.912 -6.68607948809946e-07
2187.328 -3.6590576767204025e-07
2195.745 -2.006330939614567e-06
2204.161 -4.051031939048484e-06
2212.578 -1.1290765385882785e-06
2220.995 -2.022775418839366e-06
2229.411 -3.161453954435013e-06
2237.828 -4.292861303146451e-06
2246.245 -5.603115719208142e-06
2254.661 -6.190010751836125e-06
2263.078 -6.793691009021182e-06
2271.494 -6.176417774248357e-06
2279.911 -6.285864306616585e-06
2288.328 -7.695816970355539e-06
2296.744 -1.0417563509639948e-05
2305.161 -7.923917718775781e-06
2313.578 -4.717462325186329e-06
2321.994 -9.015071479517806e-06
2330.411 -6.370057006388324e-06
2338.827 -1.0243943840551713e-05
2347.244 -1.3024599078742486e-05
2355.661 -8.935868700096158e-06
2364.077 -5.632882639357298e-06
2372.494 -1.203013013655807e-05
2380.911 -6.172181385232759e-06
2389.327 -6.021022054266343e-06
2397.744 -5.521235264237748e-06
2406.16 -3.99739032125293e-06
2414.577 -1.9866472032303582e-06
2422.994 -2.7731777950424224e-06
2431.41 -2.1100281277346103e-06
2439.827 -1.3522664923728086e-06
2448.244 -1.1679953626478245e-06
2456.66 -8.217494422880376e-07
2465.077 -4.403715573241539e-07
2473.494 -3.3689759834395507e-07
2481.91 -2.0471187348767586e-07
2490.327 -1.5012981430518647e-07
2498.743 -1.9739792315530142e-07
