1009.0 0.0
1017.417 0.0
1025.834 0.0
1034.25 0.0
1042.667 0.0
1051.084 0.0
1059.5 0.0
1067.917 -2.2845160107088465e-16
1076.333 -5.242237756470171e-12
1084.75 -9.533235688211055e-10
1093.167 1.0722751727938523e-08
1101.583 6.703637185195313e-09
1110.0 -2.9018227035707938e-09
1118.417 -4.860283654603464e-08
1126.833 -1.5839006167868492e-07
1135.25 -1.3954263530784567e-07
1143.666 -1.2359564403097395e-07
1152.083 -3.6559627581384496e-07
1160.5 -4.3043740243333785e-07
1168.916 -3.4758016406180435e-07
1177.333 -2.1017976721732461e-07
1185.75 -1.5138282270522133e-07
1194.166 -5.6563710744794915e-08
1202.583 -8.077100683902932e-09
1210.999 -4.905433185636555e-09
1219.416 -5.016809170892236e-09
1227.833 -4.0338169390281675e-09
1236.249 -3.477937524042933e-09
1244.666 -5.218520168531527e-10
1253.083 -2.91144208078637e-10
1261.499 -2.6367864781544354e-11
1269.916 -2.886610792748185e-10
1278.332 -9.984350193114802e-10
1286.749 -7.235140015193987e-10
1295.166 -1.1460764900285585e-09
1303.582 -1.1028257131084581e-08
1311.999 -8.86912105638778e-08
1320.416 -1.2426863882061467e-07
1328.832 -1.8452437632680734e-07
1337.249 -2.6196524429131143e-07
1345.665 -2.9357444074443996e-07
1354.082 -1.525043600529093e-07
1362.499 -1.9132189621950447e-10
1370.915 3.064691572399224e-10
1379.332 1.847989000135874e-10
1387.749 3.5845519304381046e-10
1396.165 8.460171461700778e-11
1404.582 -2.1026139756333284e-09
1412.999 -3.990117874439964e-08
1421.415 -1.0474640844121308e-07
1429.832 -1.1041493513277052e-07
1438.248 -7.437091036447546e-08
1446.665 -2.910204463178772e-08
1455.082 -2.2578960928369826e-08
1463.498 -1.5273366881928416e-08
1471.915 -2.4246027688274964e-08
1480.332 -5.133928100326242e-08
1488.748 -2.699507332638322e-08
1497.165 -3.0400299847856094e-09
1505.581 8.961208302623627e-09
1513.998 -7.384113957537224e-09
1522.415 -6.753740852134338e-09
1530.831 -4.4081934996414025e-09
1539.248 -4.33059822526007e-09
1547.665 -4.1378979520326195e-09
1556.081 -3.523413889497493e-09
1564.498 -2.916533135000467e-09
1572.914 -4.430875777321876e-09
1581.331 -4.433246511937173e-09
1589.748 -4.545385456318696e-09
1598.164 -6.5397227646919936e-09
1606.581 -2.8412310598082552e-08
1614.998 -6.98182691559614e-08
1623.414 -2.854070852763551e-07
1631.831 -8.508938458290267e-07
1640.247 -1.13462796953104e-06
1648.664 -1.140879746494313e-06
1657.081 -8.089690859794877e-07
1665.497 -2.2017080593031693e-06
1673.914 -7.488955680987961e-07
1682.331 -6.381155907939138e-07
1690.747 -7.617174460253462e-07
1699.164 -9.705070256460088e-07
1707.58 -1.168379198997293e-06
1715.997 -5.028906362344003e-07
1724.414 -9.779079469784791e-07
1732.83 -8.049253844686272e-07
1741.247 -4.349460411186675e-07
1749.664 -2.4480611719724663e-07
1758.08 -1.576944306363502e-07
1766.497 -3.3457802141504465e-07
1774.913 -5.488149985425961e-07
1783.33 -3.228162947800722e-07
1791.747 -6.239990204099181e-07
1800.163 -1.7947455626367912e-07
1808.58 -1.486103179602826e-07
1816.997 -1.0937433189980467e-07
1825.413 -1.306622849589837e-09
1833.83 4.831994714507006e-10
1842.246 6.655863139880088e-10
1850.663 4.435268866594296e-10
1859.08 3.795033094987987e-10
1867.496 6.172164958737849e-10
1875.913 9.407673923870145e-11
1884.33 5.264254942997343e-10
1892.746 6.633532075220215e-10
1901.163 6.117729408646822e-10
1909.579 6.295164935117414e-10
1917.996 1.0972771835400514e-09
1926.413 2.535553102083403e-10
1934.829 -6.1513190107515165e-09
1943.246 -3.009976399200367e-08
1951.663 -5.7175824571583635e-08
1960.079 -1.97508219416129e-08
1968.496 -3.251838880893499e-08
1976.913 -1.2223268473243664e-08
1985.329 -1.1401744296769267e-08
1993.746 -1.1326413922163983e-08
2002.162 -1.8404172773410623e-08
2010.579 -2.0251910237025907e-08
2018.996 -2.5375609650461273e-08
2027.412 -1.1373290120190875e-08
2035.829 -5.8753697077381556e-09
2044.246 -1.1032587535601535e-08
2052.662 -1.00906139158748e-08
2061.079 -8.94898735562044e-09
2069.495 -8.654312849024217e-09
2077.912 -1.1234532171450103e-08
2086.329 -9.013712894235077e-09
2094.745 -5.2982475808817385e-09
2103.162 -4.5294980099810155e-09
2111.579 3.253009858149716e-08
2119.995 5.6483495129639006e-09
2128.412 -4.94429858125927e-08
2136.828 -1.440100242257864e-07
2145.245 -2.932725015117438e-07
2153.662 -5.469285722238779e-07
2162.078 -8.450868800256335e-07
2170.495 -9.546708876189042e-07
2178.912 -7.727775217743214e-07
2187.328 -4.0202940668931776e-07
2195.745 -2.3427267142786617e-06
2204.161 -4.4126969030836805e-06
2212.578 -1.2460609554531264e-06
2220.995 -2.276299572562435e-06
2229.411 -3.477518747128102e-06
2237.828 -4.646638857285335e-06
2246.245 -5.984524757597603e-06
2254.661 -6.611196173864584e-06
2263.078 -7.470476304921304e-06
2271.494 -6.914241121049441e-06
2279.911 -7.1293206053467725e-06
2288.328 -8.538582315639488e-06
2296.744 -1.1413744456701779e-05
2305.161 -8.97492129263669e-06
2313.578 -6.0193851972567525e-06
2321.994 -1.0391834342303728e-05
2330.411 -6.8404274772787384e-06
2338.827 -1.10050927619253e-05
2347.244 -1.4301131764948515e-05
2355.661 -1.0284046150611261e-05
2364.077 -6.398705568046521e-06
2372.494 -1.4244596613226082e-05
2380.911 -6.917758110746922e-06
2389.327 -6.501210383486422e-06
2397.744 -6.016296511779545e-06
2406.16 -4.5304666375729315e-06
2414.577 -2.138303497120552e-06
2422.994 -2.927638041459626e-06
2431.41 -2.205143100989184e-06
2439.827 -1.4638238384746414e-06
2448.244 -1.2492900241287307e-06
2456.66 -8.764336400484151e-07
2465.077 -4.5216891491270493e-07
2473.494 -3.4749780739598837e-07
2481.91 -2.1113347570744032e-07
2490.327 -1.5053892291336958e-07
2498.743 -2.027389136296252e-07
