1009.0 -2.8796675959762767e-15
1017.417 -1.5948804864280055e-12
1025.834 -1.7525028166328013e-11
1034.25 -3.067391552389445e-11
1042.667 -3.9101494608455747e-11
1051.084 -6.14287744533124e-11
1059.5 -9.22796929883083e-11
1067.917 -8.242295575116853e-11
1076.333 -9.41401406333017e-11
1084.75 -6.510126613659982e-10
1093.167 -4.125660210819454e-09
1101.583 -3.987384127245965e-09
1110.0 -2.337563186598649e-08
1118.417 -6.922008685550276e-08
1126.833 -1.8169056584242752e-07
1135.25 -1.7284901619773444e-07
1143.666 -1.5492525813699122e-07
1152.083 -4.1246438346272986e-07
1160.5 -5.069369489610515e-07
1168.916 -3.774473282711184e-07
1177.333 -2.018651822147764e-07
1185.75 -1.3524271300147408e-07
1194.166 -8.110547208339131e-08
1202.583 -4.165541201617944e-08
1210.999 -1.4686720943013524e-08
1219.416 -4.645759690768506e-09
1227.833 -4.483730374413458e-09
1236.249 -3.6524462692927546e-09
1244.666 -1.387283366467949e-09
1253.083 -3.878736889463922e-10
1261.499 -2.946725722983755e-10
1269.916 -3.609938468881442e-10
1278.332 -3.569115980303162e-10
1286.749 -3.63456279469376e-10
1295.166 -6.101933458112665e-10
1303.582 -1.3191736079665909e-08
1311.999 -8.59890719240097e-08
1320.416 -1.206932120656104e-07
1328.832 -2.0409010302394732e-07
1337.249 -2.933606995148028e-07
1345.665 -3.619313526912839e-07
1354.082 -2.0565010038168312e-07
1362.499 -2.609307889500685e-10
1370.915 7.348402630878177e-11
1379.332 4.690451599934803e-11
1387.749 5.786651467098969e-11
1396.165 -4.685770164799508e-11
1404.582 -4.0861999058437185e-09
1412.999 -6.308788050605667e-08
1421.415 -1.6631612888824227e-07
1429.832 -1.5284345348592826e-07
1438.248 -7.741207664216984e-08
1446.665 -5.433303847938575e-08
1455.082 -3.982229582480639e-08
1463.498 -3.123643699734685e-08
1471.915 -3.567288784896898e-08
1480.332 -3.0674603545818056e-08
1488.748 -1.369781385355039e-08
1497.165 -8.031216168559625e-09
1505.581 -5.806818762925204e-09
1513.998 -3.866638813848916e-09
1522.415 -2.0997313464881743e-09
1530.831 -1.4270858662913865e-09
1539.248 -1.2749792191266225e-09
1547.665 -1.1327948083097494e-09
1556.081 -1.1978160338192383e-09
1564.498 -1.0849649889328868e-09
1572.914 -1.0145223293863107e-09
1581.331 -9.059974970360668e-10
1589.748 -1.207986786515423e-09
1598.164 -4.484439795110236e-09
1606.581 -2.4532851186504562e-08
1614.998 -7.466936798879536e-08
1623.414 -2.84397565466591e-07
1631.831 -8.263191954839122e-07
1640.247 -1.0612413151860626e-06
1648.664 -1.0242405380030584e-06
1657.081 -7.118150257326553e-07
1665.497 -1.8351110976734477e-06
1673.914 -6.580366709882399e-07
1682.331 -5.928504696835178e-07
1690.747 -7.692446250381085e-07
1699.164 -9.865237664026124e-07
1707.58 -1.2474620025278867e-06
1715.997 -5.291580646346709e-07
1724.414 -1.0250785616457605e-06
1732.83 -8.468513086102482e-07
1741.247 -4.6976253139085924e-07
1749.664 -2.6276822840660254e-07
1758.08 -1.821357181176802e-07
1766.497 -3.721511934195515e-07
1774.913 -6.335888657719328e-07
1783.33 -3.9427141790118895e-07
1791.747 -7.029138452003323e-07
1800.163 -1.8294163960846536e-07
1808.58 -1.7617918163272858e-07
1816.997 -1.2083976837057532e-07
1825.413 -1.1408156550760133e-09
1833.83 7.959947328840145e-10
1842.246 7.812195651759275e-10
1850.663 7.901736497139904e-10
1859.08 8.72548823884044e-10
1867.496 8.861394176278323e-10
1875.913 8.183049618199974e-10
1884.33 1.2667011974786778e-09
1892.746 1.262601073701802e-09
1901.163 1.0443780500324419e-09
1909.579 1.0844591744469346e-09
1917.996 1.436670503168729e-09
1926.413 1.0671694937624167e-09
1934.829 -8.21450606686983e-09
1943.246 -1.964581235171618e-08
1951.663 -1.55828312730792e-08
1960.079 -1.6844364339469555e-08
1968.496 -2.100015242782168e-08
1976.913 -1.8344935793875815e-08
1985.329 -1.653398674522156e-08
1993.746 -1.4114718659133826e-08
2002.162 -1.4754140352745538e-08
2010.579 -1.4612426619017454e-08
2018.996 -1.3972168068365136e-08
2027.412 -1.3534176123119002e-08
2035.829 -1.4481493240897764e-08
2044.246 -1.475377004168317e-08
2052.662 -1.5273890391238337e-08
2061.079 -1.579093648537668e-08
2069.495 -1.4700596326091162e-08
2077.912 -1.5082590390443435e-08
2086.329 -1.5406123442564503e-08
2094.745 -1.5728052103894987e-08
2103.162 -1.742961165534506e-08
2111.579 -2.2232585692622224e-08
2119.995 -3.4276927202165625e-08
2128.412 -6.250861660663122e-08
2136.828 -1.4982409229934782e-07
2145.245 -3.0524241248860536e-07
2153.662 -5.699239173585353e-07
2162.078 -8.549145533803135e-07
2170.495 -9.439179603316792e-07
2178.912 -7.278622329036573e-07
2187.328 -4.1804395889856973e-07
2195.745 -2.147503072998282e-06
2204.161 -4.269995003567737e-06
2212.578 -1.1889769698133113e-06
2220.995 -2.1386052545637724e-06
2229.411 -3.2564008470528994e-06
2237.828 -4.5303846210932065e-06
2246.245 -5.722030025725262e-06
2254.661 -6.194273261750664e-06
2263.078 -6.928457540353683e-06
2271.494 -6.15514043551939e-06
2279.911 -6.297359022551151e-06
2288.328 -7.699291301389122e-06
2296.744 -1.0437744231780314e-05
2305.161 -8.121919572773914e-06
2313.578 -4.934252106340775e-06
2321.994 -9.432285457450218e-06
2330.411 -6.468693172836873e-06
2338.827 -1.05782889438176e-05
2347.244 -1.372888905098862e-05
2355.661 -9.205756693060439e-06
2364.077 -5.580540582544525e-06
2372.494 -1.265369754066495e-05
2380.911 -6.944510974330809e-06
2389.327 -6.4625845283188964e-06
2397.744 -5.837742532612195e-06
2406.16 -4.374658140805678e-06
2414.577 -2.2749347754458443e-06
2422.994 -3.0430337537878447e-06
2431.41 -2.1905741135864363e-06
2439.827 -1.4265554957906655e-06
2448.244 -1.3621850189076281e-06
2456.66 -9.09525801747708e-07
2465.077 -5.532249616116742e-07
2473.494 -4.980128472554306e-07
2481.91 -3.1766548170014434e-07
2490.327 -2.501329884671328e-07
2498.743 -2.82566646526118e-07
