1009.0 0.0
1017.417 0.0
1025.834 1.949955348705293e-18
1034.25 1.0100246840197081e-13
1042.667 2.42873094794218e-11
1051.084 2.706305943678966e-11
1059.5 2.4985832026046446e-13
1067.917 2.6770178132387615e-11
1076.333 2.6544939500477617e-11
1084.75 -1.1831956454585887e-09
1093.167 -6.0787846986021535e-09
1101.583 1.1209886961612466e-10
1110.0 -1.1624739979082155e-08
1118.417 -5.0612925234141066e-08
1126.833 -1.382180981544888e-07
1135.25 -1.779961294312423e-07
1143.666 -1.492772925803391e-07
1152.083 -3.0237499866126676e-07
1160.5 -4.0740729262784834e-07
1168.916 -2.839842649530461e-07
1177.333 -2.1041612559291028e-07
1185.75 -1.3536531929743156e-07
1194.166 -5.8219071615778275e-08
1202.583 -3.6219455311064576e-08
1210.999 -1.4917087234169384e-08
1219.416 -4.876061350924695e-09
1227.833 -3.790844531718603e-09
1236.249 -3.2428133692712194e-09
1244.666 -5.787997011050764e-10
1253.083 -2.2919932619525715e-11
1261.499 -1.937825052005465e-10
1269.916 -5.80351180640662e-10
1278.332 -9.96157036670927e-11
1286.749 -6.770571056789643e-10
1295.166 -4.5189926409792464e-10
1303.582 -1.2163773989182072e-08
1311.999 -7.6264202865979e-08
1320.416 -1.0768034700767758e-07
1328.832 -1.6633983921885692e-07
1337.249 -2.3873153586604204e-07
1345.665 -2.9260452871881564e-07
1354.082 -1.496724867155111e-07
1362.499 9.341445627734539e-11
1370.915 4.429050930751662e-10
1379.332 1.9039775779013112e-10
1387.749 3.835989202548379e-10
1396.165 1.230577249502113e-10
1404.582 -2.7102488054379816e-09
1412.999 -5.193249933014792e-08
1421.415 -9.779709189463972e-08
1429.832 -1.1041409815553806e-07
1438.248 -7.191108607382175e-08
1446.665 -7.265741088936762e-08
1455.082 -2.6308588786258583e-08
1463.498 8.12045244695407e-09
1471.915 -1.302911100725023e-08
1480.332 -2.8377875954145208e-08
1488.748 -3.0488217485401635e-08
1497.165 -9.674941664588335e-09
1505.581 4.818956163043625e-09
1513.998 1.918928786541573e-09
1522.415 -4.933095247763263e-09
1530.831 -3.434069811459903e-09
1539.248 -3.0082818540263836e-09
1547.665 -3.1098571450440836e-09
1556.081 -2.8859011502129445e-09
1564.498 -2.0729302656438398e-09
1572.914 -3.547817396991555e-09
1581.331 -3.771985384170522e-09
1589.748 -3.302006310085495e-09
1598.164 -6.258505662663212e-09
1606.581 -1.9254521224103463e-08
1614.998 -6.045758406403618e-08
1623.414 -2.7675645596368066e-07
1631.831 -7.858990468329959e-07
1640.247 -9.957187708925546e-07
1648.664 -9.908511761785175e-07
1657.081 -6.816116665493663e-07
1665.497 -1.8141323997087008e-06
1673.914 -6.565831695962395e-07
1682.331 -5.554119966493144e-07
1690.747 -6.81361908033505e-07
1699.164 -9.202101896071565e-07
1707.58 -1.1512119413626524e-06
1715.997 -4.946175174514873e-07
1724.414 -9.927301009992837e-07
1732.83 -8.060867475131464e-07
1741.247 -4.2777661128752234e-07
1749.664 -2.4524346020337986e-07
1758.08 -1.837299445522469e-07
1766.497 -3.4863870138143787e-07
1774.913 -5.965593625058031e-07
1783.33 -3.153815602422653e-07
1791.747 -6.288327242692114e-07
1800.163 -1.7516518391849687e-07
1808.58 -1.462084682122889e-07
1816.997 -9.997155094577977e-08
1825.413 -8.50212051171897e-10
1833.83 9.296080003613835e-10
1842.246 6.762136266543463e-10
1850.663 6.109924893746867e-10
1859.08 1.1592238299440129e-09
1867.496 6.378386555527332e-10
1875.913 8.893892741931691e-10
1884.33 8.035755685571833e-10
1892.746 2.891448490042014e-10
1901.163 2.0326769989279457e-11
1909.579 4.3044058899302145e-10
1917.996 6.85641221964943e-10
1926.413 -3.126846966756404e-11
1934.829 -5.880081420323628e-09
1943.246 -1.2921851019567922e-08
1951.663 -1.2131098911095686e-08
1960.079 -1.5440342032458936e-08
1968.496 -2.099527086083343e-08
1976.913 -1.0439620351953331e-08
1985.329 -1.4108352012807963e-08
1993.746 -1.0477785697075355e-08
2002.162 -3.983210444835073e-09
2010.579 2.364139789313303e-08
2018.996 3.847281174176551e-08
2027.412 -1.075953840214201e-08
2035.829 -5.883368224524538e-09
2044.246 -1.044953551146134e-08
2052.662 -1.1739302345615795e-08
2061.079 -1.0591284648553985e-08
2069.495 -1.0700563635860603e-08
2077.912 -1.2053342672020019e-08
2086.329 -1.0640215064945089e-08
2094.745 -6.9441381166282355e-09
2103.162 -1.1569364967301105e-08
2111.579 -1.0099644892312459e-09
2119.995 -1.7040044079440146e-08
2128.412 -5.280694066288496e-08
2136.828 -1.4016795296237798e-07
2145.245 -2.648738555360148e-07
2153.662 -5.142108832121301e-07
2162.078 -8.190207409933832e-07
2170.495 -8.970997434312611e-07
2178.912 -6.694004766730478e-07
2187.328 -3.8481860192988503e-07
2195.745 -1.995846919556926e-06
2204.161 -4.040552927700165e-06
2212.578 -1.1107041369917612e-06
2220.995 -1.9963661077254736e-06
2229.411 -3.1229662506478898e-06
2237.828 -4.244545545214502e-06
2246.245 -5.602085158989296e-06
2254.661 -6.173289932147028e-06
2263.078 -6.732412895895658e-06
2271.494 -6.0894363325381e-06
2279.911 -6.216444004613437e-06
2288.328 -7.620377837203491e-06
2296.744 -1.043369982089956e-05
2305.161 -7.914107179703928e-06
2313.578 -4.641316285236606e-06
2321.994 -8.941716665018105e-06
2330.411 -6.338870278075761e-06
2338.827 -1.0161064400694377e-05
2347.244 -1.2893932812712691e-05
2355.661 -8.804943103370566e-06
2364.077 -5.53758765946033e-06
2372.494 -1.1894672112276607e-05
2380.911 -6.1474191849946495e-06
2389.327 -5.942580700266416e-06
2397.744 -5.454056095316475e-06
2406.16 -3.961170217203693e-06
2414.577 -1.970067104402781e-06
2422.994 -2.6996380724875166e-06
2431.41 -2.1002661536857913e-06
2439.827 -1.3493543503983706e-06
2448.244 -1.160607790452906e-06
2456.66 -8.08178697277709e-07
2465.077 -3.878788576302142e-07
2473.494 -3.238063648453099e-07
2481.91 -2.0080827906820057e-07
2490.327 -1.4915194040808425e-07
2498.743 -2.3906933641514616e-07
