1009.0 0.0
1017.417 0.0
1025.834 0.0
1034.25 0.0
1042.667 0.0
1051.084 0.0
1059.5 0.0
1067.917 -9.409039204335977e-17
1076.333 -3.1881562555165506e-12
1084.75 -9.383599385578453e-10
1093.167 4.9576685421353916e-09
1101.583 -3.6217341083501655e-09
1110.0 -1.1800709166762454e-08
1118.417 -6.431321812754122e-08
1126.833 -1.859958636236012e-07
1135.25 -1.7489685557174984e-07
1143.666 -1.3092011376289846e-07
1152.083 -3.136988140296312e-07
1160.5 -3.8814403056861495e-07
1168.916 -2.9924836807304123e-07
1177.333 -1.789419302064091e-07
1185.75 -1.1560194236391184e-07
1194.166 -4.600464125615647e-08
1202.583 -3.306824373773517e-08
1210.999 -9.643482357764993e-11
1219.416 -9.27868607704124e-10
1227.833 -4.023280081584603e-09
1236.249 -5.240335664116198e-10
1244.666 -9.423781606369562e-10
1253.083 -6.463304734151971e-10
1261.499 -2.8333997657479486e-11
1269.916 -4.3069999494836147e-11
1278.332 -1.9605868124619377e-10
1286.749 -1.4947218844021786e-09
1295.166 -1.2287854855681057e-09
1303.582 -1.2683261088904556e-08
1311.999 -6.543706999930714e-08
1320.416 -1.0739958355043748e-07
1328.832 -1.8018354260771626e-07
1337.249 -2.2645452744975602e-07
1345.665 -2.891820383182094e-07
1354.082 -1.508274185184744e-07
1362.499 -2.0224864906108474e-10
1370.915 3.25434418520109e-10
1379.332 2.4116349628723617e-10
1387.749 5.082543952743953e-10
1396.165 -6.835431736061493e-11
1404.582 -2.9679901902831344e-09
1412.999 -5.814759411182924e-08
1421.415 -1.1029985677893652e-07
1429.832 -1.1904458819125269e-07
1438.248 -7.768446215040224e-08
1446.665 3.4469013651976344e-08
1455.082 -2.7460690046959626e-08
1463.498 -3.503553464197064e-08
1471.915 -2.714898747704616e-08
1480.332 -3.5720612213878626e-08
1488.748 -2.3432758527220224e-08
1497.165 -9.473943869193807e-09
1505.581 -2.6743661623596425e-08
1513.998 -8.815167809292226e-09
1522.415 -3.793788039202971e-09
1530.831 1.5416495977667288e-08
1539.248 -4.067404881742934e-09
1547.665 -4.313270031319136e-09
1556.081 -4.672527750661632e-09
1564.498 -4.780488903878404e-09
1572.914 -4.971789694656868e-09
1581.331 -3.62556799158964e-09
1589.748 -2.9723105338501425e-09
1598.164 -7.061228868038481e-09
1606.581 -2.084702458429098e-08
1614.998 -6.058232250465519e-08
1623.414 -2.7995134975845425e-07
1631.831 -8.466435086039e-07
1640.247 -1.1361453635109222e-06
1648.664 -1.1175017471665612e-06
1657.081 -7.593962605737528e-07
1665.497 -2.105365779847329e-06
1673.914 -7.037411077728906e-07
1682.331 -6.18582889674189e-07
1690.747 -6.986771031226509e-07
1699.164 -9.455834521110523e-07
1707.58 -1.1683002784220181e-06
1715.997 -4.886651388815286e-07
1724.414 -9.674676092898517e-07
1732.83 -8.067555864468485e-07
1741.247 -4.369871388849271e-07
1749.664 -2.465943589046337e-07
1758.08 -1.8495925912732324e-07
1766.497 -3.6608851126599144e-07
1774.913 -5.128338988121135e-07
1783.33 -3.426087463569419e-07
1791.747 -6.519903946239903e-07
1800.163 -1.897606872144913e-07
1808.58 -1.484684678449282e-07
1816.997 -1.0168237459682815e-07
1825.413 -1.229342256038633e-09
1833.83 1.0519632524812598e-10
1842.246 6.473013165365363e-10
1850.663 3.7431525563147486e-10
1859.08 4.711381655042754e-10
1867.496 5.221228908096758e-10
1875.913 2.7131143669880884e-10
1884.33 4.2858103076965953e-10
1892.746 6.473203431172093e-10
1901.163 3.254171750323997e-10
1909.579 9.588524788875855e-10
1917.996 1.0620639811779487e-09
1926.413 5.774594872484306e-10
1934.829 -5.511059665946429e-09
1943.246 -1.6498376860768355e-08
1951.663 -2.3109069326052274e-08
1960.079 -1.9641081961491344e-08
1968.496 -3.894529688646571e-08
1976.913 -2.5329162073053187e-08
1985.329 -2.8590937490580624e-09
1993.746 -9.745463103852762e-09
2002.162 -2.0161120882774227e-08
2010.579 -1.3076381209897752e-08
2018.996 -1.8102767360051983e-08
2027.412 -1.070571756591863e-08
2035.829 -1.0824464702473928e-08
2044.246 -4.92282072991036e-08
2052.662 -6.220273561857074e-08
2061.079 -1.0762884917970697e-08
2069.495 -8.063683987054563e-09
2077.912 -8.775437518781102e-09
2086.329 -7.441073208948784e-09
2094.745 -7.486004024578381e-09
2103.162 -9.57110390117675e-09
2111.579 1.649787477846391e-08
2119.995 -1.8323930505536146e-08
2128.412 -4.962975214584906e-08
2136.828 -1.3410208312609814e-07
2145.245 -2.880941602864078e-07
2153.662 -5.309812608716522e-07
2162.078 -8.670005998949125e-07
2170.495 -9.324257167653982e-07
2178.912 -7.140316774564626e-07
2187.328 -4.3477174999838764e-07
2195.745 -2.1968025595332707e-06
2204.161 -4.356063066961022e-06
2212.578 -1.2509626588060129e-06
2220.995 -2.1757152417252435e-06
2229.411 -3.3652886493509147e-06
2237.828 -4.624748711941807e-06
2246.245 -5.9676270224536245e-06
2254.661 -6.591857494296909e-06
2263.078 -7.316661017184753e-06
2271.494 -6.739822364263935e-06
2279.911 -6.961167042252267e-06
2288.328 -8.423007112966883e-06
2296.744 -1.1126381391705398e-05
2305.161 -8.572128670562642e-06
2313.578 -5.619253187083026e-06
2321.994 -9.901152613392446e-06
2330.411 -6.800924838019737e-06
2338.827 -1.081223861626733e-05
2347.244 -1.3947857846300482e-05
2355.661 -9.845176424751405e-06
2364.077 -6.224292930337326e-06
2372.494 -1.390879818327843e-05
2380.911 -6.815376196256284e-06
2389.327 -6.5057797926880135e-06
2397.744 -5.809382321814003e-06
2406.16 -4.306887067792797e-06
2414.577 -2.0775093381163923e-06
2422.994 -2.7998882974064084e-06
2431.41 -2.161973522131247e-06
2439.827 -1.3693999612031381e-06
2448.244 -1.144291109547039e-06
2456.66 -8.661779345012906e-07
2465.077 -4.639744335169448e-07
2473.494 -3.833070831036447e-07
2481.91 -1.7005187991645463e-07
2490.327 -1.478219646846527e-07
2498.743 -2.4722503372814987e-07
