1009.0 -2.0098398344391746e-20
1017.417 -6.496298105399907e-15
1025.834 -4.855227013418292e-12
1034.25 -3.0544764585762395e-11
1042.667 -4.459643850110934e-11
1051.084 -1.010660221976633e-10
1059.5 -1.5576880265231976e-10
1067.917 -1.5438485177724584e-10
1076.333 -7.469194898509951e-11
1084.75 -5.850390976845251e-10
1093.167 -4.109932095870679e-09
1101.583 -4.106711874877765e-09
1110.0 -2.4470762842426803e-08
1118.417 -7.101158863147204e-08
1126.833 -1.878866658471599e-07
1135.25 -1.7863522415780004e-07
1143.666 -1.625433893954601e-07
1152.083 -4.185833970045322e-07
1160.5 -5.178043361578886e-07
1168.916 -3.810975904719671e-07
1177.333 -2.0639032633323295e-07
1185.75 -1.4387801807101696e-07
1194.166 -8.532886921149093e-08
1202.583 -4.290310494418368e-08
1210.999 -1.4910284121717636e-08
1219.416 -4.863960635624123e-09
1227.833 -4.658525455482251e-09
1236.249 -3.75808962620127e-09
1244.666 -1.417870588981637e-09
1253.083 -4.137830594139379e-10
1261.499 -3.7788591519979206e-10
1269.916 -3.7134453317807077e-10
1278.332 -2.705986401848656e-10
1286.749 -3.1483421508198254e-10
1295.166 -6.106910025713415e-10
1303.582 -1.4027082744221827e-08
1311.999 -8.732530203687357e-08
1320.416 -1.2407614963960534e-07
1328.832 -2.1178075555196496e-07
1337.249 -3.0544520236113354e-07
1345.665 -3.762136679708143e-07
1354.082 -2.134804906818783e-07
1362.499 -2.7754952192829193e-10
1370.915 1.2248083373075507e-10
1379.332 2.909165725241564e-11
1387.749 9.555552881138665e-11
1396.165 -1.0049380759885021e-10
1404.582 -4.1878852020641984e-09
1412.999 -6.290517406119354e-08
1421.415 -1.653421913297944e-07
1429.832 -1.517033301285489e-07
1438.248 -7.66883719980463e-08
1446.665 -5.634134872098884e-08
1455.082 -3.852151115786717e-08
1463.498 -3.172829541580576e-08
1471.915 -3.681147318350408e-08
1480.332 -3.2610048345843844e-08
1488.748 -1.4940590957862834e-08
1497.165 -8.345629706994914e-09
1505.581 -6.144460138697929e-09
1513.998 -3.968760414719101e-09
1522.415 -2.3781898887138414e-09
1530.831 -1.4746379645901425e-09
1539.248 -1.3959143192913796e-09
1547.665 -1.3039234276011847e-09
1556.081 -1.2287224062308242e-09
1564.498 -1.2407025876909731e-09
1572.914 -1.2277600068904597e-09
1581.331 -1.0545490607362673e-09
1589.748 -1.38452003550338e-09
1598.164 -4.53827656745521e-09
1606.581 -2.5960828006016126e-08
1614.998 -7.535378027172388e-08
1623.414 -2.8506543174279225e-07
1631.831 -8.480707233576164e-07
1640.247 -1.1316542691581744e-06
1648.664 -1.0797452870329192e-06
1657.081 -7.450441925439064e-07
1665.497 -1.9533269057825687e-06
1673.914 -6.865722427367826e-07
1682.331 -6.182905581392978e-07
1690.747 -7.928750246576878e-07
1699.164 -9.956870418725659e-07
1707.58 -1.262580645079044e-06
1715.997 -5.337202424195859e-07
1724.414 -1.0311220913526498e-06
1732.83 -8.552009449336808e-07
1741.247 -4.74776677638826e-07
1749.664 -2.6990552012427854e-07
1758.08 -1.8242992376613694e-07
1766.497 -3.7179419572482694e-07
1774.913 -6.388870562242591e-07
1783.33 -4.077217860292375e-07
1791.747 -7.213986878786874e-07
1800.163 -1.9206445372339197e-07
1808.58 -1.8128538852068532e-07
1816.997 -1.2355608207043842e-07
1825.413 -1.2520375214345697e-09
1833.83 8.029707694550986e-10
1842.246 7.197730964198268e-10
1850.663 6.158747712277965e-10
1859.08 8.517842302678113e-10
1867.496 1.0143919669260332e-09
1875.913 7.33470737905869e-10
1884.33 1.1827088577265154e-09
1892.746 1.2603317485081358e-09
1901.163 1.1273900026484822e-09
1909.579 1.0581562289993718e-09
1917.996 1.1811565798510394e-09
1926.413 5.892722202167404e-10
1934.829 -1.190643936524462e-08
1943.246 -2.711573057883824e-08
1951.663 -2.3775201071765367e-08
1960.079 -2.5816025034808576e-08
1968.496 -3.121752481734154e-08
1976.913 -2.6703027282802394e-08
1985.329 -2.5834736898742675e-08
1993.746 -2.303886468068163e-08
2002.162 -2.380083729813512e-08
2010.579 -2.3562470274315382e-08
2018.996 -2.300477563561399e-08
2027.412 -2.2628381528251768e-08
2035.829 -2.380602388384443e-08
2044.246 -2.4411331024896564e-08
2052.662 -2.5218957745618207e-08
2061.079 -2.6005838160765043e-08
2069.495 -2.460052974410194e-08
2077.912 -2.5432308952460526e-08
2086.329 -2.55174078383376e-08
2094.745 -2.5966610132240638e-08
2103.162 -2.7844985927367078e-08
2111.579 -3.245268445996163e-08
2119.995 -4.712914491991844e-08
2128.412 -7.173220925833696e-08
2136.828 -1.6081626018869966e-07
2145.245 -3.1074430454840665e-07
2153.662 -5.820133225593353e-07
2162.078 -8.772530100004164e-07
2170.495 -9.731832229647724e-07
2178.912 -7.539105967967494e-07
2187.328 -4.3620011848699747e-07
2195.745 -2.24469946786674e-06
2204.161 -4.428624707361098e-06
2212.578 -1.2220777202275882e-06
2220.995 -2.1997155698543707e-06
2229.411 -3.350939249570401e-06
2237.828 -4.673916051322151e-06
2246.245 -5.939231431858044e-06
2254.661 -6.415421389221035e-06
2263.078 -7.254580919087988e-06
2271.494 -6.479226435267349e-06
2279.911 -6.641492956710839e-06
2288.328 -8.056715856258449e-06
2296.744 -1.090205299990848e-05
2305.161 -8.498589668740943e-06
2313.578 -5.391316600473311e-06
2321.994 -9.940841617000442e-06
2330.411 -6.710103106743303e-06
2338.827 -1.1061899694084607e-05
2347.244 -1.4430935682533077e-05
2355.661 -9.805513211611395e-06
2364.077 -5.943685566942052e-06
2372.494 -1.3578852195409332e-05
2380.911 -7.368917236829522e-06
2389.327 -6.854989049126904e-06
2397.744 -6.102602594319216e-06
2406.16 -4.5762736297787745e-06
2414.577 -2.359413569212659e-06
2422.994 -3.1010449756582516e-06
2431.41 -2.2325275571500118e-06
2439.827 -1.4479742537166285e-06
2448.244 -1.3753389925645584e-06
2456.66 -9.149765651004046e-07
2465.077 -5.591076640356788e-07
2473.494 -4.990867975583557e-07
2481.91 -3.195093220234101e-07
2490.327 -2.4817505270305565e-07
2498.743 -2.8559367664629577e-07
