1009.0 -1.4746480359916252e-17
1017.417 -1.4362123336144498e-13
1025.834 -8.944272588486957e-12
1034.25 -2.7246392487985342e-11
1042.667 -4.167351545375382e-11
1051.084 -9.556787985080032e-11
1059.5 -1.5082707604354292e-10
1067.917 -1.1976836697431724e-10
1076.333 -1.465930989258688e-10
1084.75 -6.538848890203926e-10
1093.167 -3.970671755889228e-09
1101.583 -4.009082813280159e-09
1110.0 -2.437037276882577e-08
1118.417 -7.135795859761094e-08
1126.833 -1.9021149589148757e-07
1135.25 -1.8634372790230987e-07
1143.666 -1.6735501907855087e-07
1152.083 -4.26368814137053e-07
1160.5 -5.231859219448674e-07
1168.916 -3.912725926484957e-07
1177.333 -2.2147060989861066e-07
1185.75 -1.4621028221659998e-07
1194.166 -8.789282552946216e-08
1202.583 -4.321290994501644e-08
1210.999 -1.4772732346284903e-08
1219.416 -4.937902125891597e-09
1227.833 -4.922838820533182e-09
1236.249 -3.759236197955504e-09
1244.666 -1.3910878254912187e-09
1253.083 -4.45083425492658e-10
1261.499 -4.434805345158456e-10
1269.916 -3.8212963260772525e-10
1278.332 -3.3393190974597876e-10
1286.749 -3.639843096397157e-10
1295.166 -7.084912964182475e-10
1303.582 -1.4133736261330067e-08
1311.999 -8.808927651605842e-08
1320.416 -1.2427468077248399e-07
1328.832 -2.1405180841895794e-07
1337.249 -3.0586919931702625e-07
1345.665 -3.7308414696798185e-07
1354.082 -2.1427609962570257e-07
1362.499 -2.9217364508233486e-10
1370.915 1.008245760209332e-10
1379.332 7.79013228770319e-11
1387.749 9.695960977063529e-11
1396.165 -6.96674585886184e-12
1404.582 -4.325089761683116e-09
1412.999 -6.57475480304969e-08
1421.415 -1.7085732798989612e-07
1429.832 -1.481672391852384e-07
1438.248 -7.843214575256299e-08
1446.665 -5.723808363751556e-08
1455.082 -4.0622052874453907e-08
1463.498 -3.3089519849390296e-08
1471.915 -3.9536956823866276e-08
1480.332 -3.32970899746026e-08
1488.748 -1.4208328839210708e-08
1497.165 -8.597353734756395e-09
1505.581 -6.2236866945201595e-09
1513.998 -4.186457866876149e-09
1522.415 -2.452308469333139e-09
1530.831 -1.4748603916876167e-09
1539.248 -1.571199792521126e-09
1547.665 -1.4094237259076004e-09
1556.081 -1.423098890142285e-09
1564.498 -1.4313836255339844e-09
1572.914 -1.2576772217895812e-09
1581.331 -1.1097096572476434e-09
1589.748 -1.4952012424233043e-09
1598.164 -4.905018569368668e-09
1606.581 -2.7330289595214023e-08
1614.998 -7.549020327811212e-08
1623.414 -2.8080173462649137e-07
1631.831 -8.602653377619659e-07
1640.247 -1.1779039804358472e-06
1648.664 -1.122153957089165e-06
1657.081 -7.644416401739249e-07
1665.497 -2.033659774081747e-06
1673.914 -7.069094853966573e-07
1682.331 -6.28906744766823e-07
1690.747 -8.030200307632896e-07
1699.164 -1.0058062749683137e-06
1707.58 -1.2733262314393892e-06
1715.997 -5.39283953754847e-07
1724.414 -1.0410144928651412e-06
1732.83 -8.636683124621165e-07
1741.247 -4.793352529668278e-07
1749.664 -2.7217000734770656e-07
1758.08 -1.8759791616952096e-07
1766.497 -3.874616761930317e-07
1774.913 -6.559571938726275e-07
1783.33 -4.158357117730028e-07
1791.747 -7.31613371148816e-07
1800.163 -1.993194755024113e-07
1808.58 -1.8779709634480636e-07
1816.997 -1.2528294885496337e-07
1825.413 -1.3573161049578203e-09
1833.83 8.353294279589694e-10
1842.246 8.320604892525612e-10
1850.663 6.798163600381503e-10
1859.08 8.09008314370907e-10
1867.496 9.971681308640312e-10
1875.913 8.517546460111713e-10
1884.33 1.0159779599451607e-09
1892.746 1.0779862774343373e-09
1901.163 1.0784710631060064e-09
1909.579 1.0187617172472628e-09
1917.996 1.1553234755495732e-09
1926.413 2.383672620373494e-10
1934.829 -1.6301418894270227e-08
1943.246 -3.111861700541699e-08
1951.663 -3.252024314546536e-08
1960.079 -3.650726336521743e-08
1968.496 -4.211828043047138e-08
1976.913 -3.811704732258035e-08
1985.329 -3.756930894860833e-08
1993.746 -3.468215752283485e-08
2002.162 -3.562775529910452e-08
2010.579 -3.670103475536431e-08
2018.996 -3.5945604613389936e-08
2027.412 -3.5632128685682275e-08
2035.829 -3.756549929245363e-08
2044.246 -3.8342716639922516e-08
2052.662 -3.959317224807298e-08
2061.079 -4.108440134700097e-08
2069.495 -3.934277438568517e-08
2077.912 -4.0049787089914876e-08
2086.329 -4.025811041744127e-08
2094.745 -4.121907122235784e-08
2103.162 -4.3256654670080774e-08
2111.579 -4.9043738487817406e-08
2119.995 -6.365563203089473e-08
2128.412 -8.853496352874638e-08
2136.828 -1.793510918899774e-07
2145.245 -3.201609435857401e-07
2153.662 -5.819410122866856e-07
2162.078 -8.817558706385596e-07
2170.495 -9.821012366191458e-07
2178.912 -7.777382876447288e-07
2187.328 -4.4649550499502334e-07
2195.745 -2.301138778106949e-06
2204.161 -4.507967724719868e-06
2212.578 -1.2294610703389327e-06
2220.995 -2.2389009935917973e-06
2229.411 -3.4105842725046336e-06
2237.828 -4.740337898425241e-06
2246.245 -6.04659146908326e-06
2254.661 -6.535543323714432e-06
2263.078 -7.446408622526997e-06
2271.494 -6.678417744675202e-06
2279.911 -6.83878445799977e-06
2288.328 -8.27035592248834e-06
2296.744 -1.1175457542842685e-05
2305.161 -8.722875367104639e-06
2313.578 -5.659168357760945e-06
2321.994 -1.023816324472489e-05
2330.411 -6.850072055175388e-06
2338.827 -1.1339081356598488e-05
2347.244 -1.4853974551864355e-05
2355.661 -1.0198043993427422e-05
2364.077 -6.171962032653838e-06
2372.494 -1.4128260728032605e-05
2380.911 -7.59702149244917e-06
2389.327 -7.076503570337597e-06
2397.744 -6.24841435036966e-06
2406.16 -4.6828864311888054e-06
2414.577 -2.398916709757107e-06
2422.994 -3.1334364682568e-06
2431.41 -2.26027057383287e-06
2439.827 -1.4510516479021534e-06
2448.244 -1.3866090660153297e-06
2456.66 -9.328715098237032e-07
2465.077 -5.736995056763028e-07
2473.494 -5.089229959045165e-07
2481.91 -3.243389359536316e-07
2490.327 -2.3769855541668832e-07
2498.743 -2.9406469822076137e-07
