1009.0 0.0
1017.417 0.0
1025.834 0.0
1034.25 0.0
1042.667 0.0
1051.084 0.0
1059.5 0.0
1067.917 -1.5329152089104333e-16
1076.333 -3.945899588824588e-12
1084.75 -8.850447215891093e-10
1093.167 9.290724405078641e-09
1101.583 -3.2141599137180046e-09
1110.0 -9.383704908136529e-09
1118.417 -5.369482948476835e-08
1126.833 -1.7840309352732336e-07
1135.25 -1.6740668474422814e-07
1143.666 -1.2598594607139364e-07
1152.083 -3.2735460492435875e-07
1160.5 -4.1571120825750045e-07
1168.916 -3.003324379277779e-07
1177.333 -1.917765589656506e-07
1185.75 -1.2953074159649435e-07
1194.166 -4.188266749699e-08
1202.583 -2.62962093204586e-08
1210.999 -1.5214801706603754e-09
1219.416 -2.5654294316491215e-09
1227.833 -5.063421228107255e-09
1236.249 -1.3950338145180594e-09
1244.666 -9.22078910893055e-10
1253.083 -6.742927671448366e-10
1261.499 -3.026502005585498e-11
1269.916 -4.5177434866088414e-11
1278.332 -2.7521777196692615e-10
1286.749 -1.3665220699594324e-09
1295.166 -1.355992815303895e-09
1303.582 -1.3102204647100798e-08
1311.999 -7.001690730864285e-08
1320.416 -1.0670736058122777e-07
1328.832 -1.778517594960175e-07
1337.249 -2.341756975395348e-07
1345.665 -2.9177397103895666e-07
1354.082 -1.5238823988413253e-07
1362.499 -2.0141791676431607e-10
1370.915 3.71915340561419e-10
1379.332 2.682466319372889e-10
1387.749 5.380877919864129e-10
1396.165 -6.640728215796644e-11
1404.582 -2.98760046906623e-09
1412.999 -5.647944177960747e-08
1421.415 -1.0662609474072073e-07
1429.832 -1.1194560862655546e-07
1438.248 -5.8503789827146646e-08
1446.665 4.853720214510072e-08
1455.082 -2.2952258182468505e-08
1463.498 -2.7734825897739116e-08
1471.915 -2.5234207794935997e-08
1480.332 -3.254864143430815e-08
1488.748 -1.9441607199631303e-08
1497.165 -6.1547787565243235e-09
1505.581 -1.879895998121583e-08
1513.998 -7.773827748678243e-09
1522.415 -4.9545371081847446e-09
1530.831 7.14913851683606e-09
1539.248 -4.3235493994764855e-09
1547.665 -4.248565094771016e-09
1556.081 -4.786947126691344e-09
1564.498 -4.815846440083923e-09
1572.914 -5.03618789731589e-09
1581.331 -3.934484272569057e-09
1589.748 -3.3030322133851685e-09
1598.164 -6.4071837809713426e-09
1606.581 -2.2101291994945206e-08
1614.998 -7.37291101237793e-08
1623.414 -2.826459744432376e-07
1631.831 -8.483778802860956e-07
1640.247 -1.137969567088729e-06
1648.664 -1.1306829394123338e-06
1657.081 -7.659519064323182e-07
1665.497 -2.1283674447317525e-06
1673.914 -7.125039445725738e-07
1682.331 -6.222146433404355e-07
1690.747 -7.056369112696666e-07
1699.164 -9.402656445015747e-07
1707.58 -1.1420897708439885e-06
1715.997 -4.89193312067826e-07
1724.414 -9.73332342613687e-07
1732.83 -8.038628779562817e-07
1741.247 -4.348070847122278e-07
1749.664 -2.502712952939427e-07
1758.08 -1.8325515667113093e-07
1766.497 -3.523563201685554e-07
1774.913 -5.157707008929044e-07
1783.33 -3.34105375397623e-07
1791.747 -6.466629175705729e-07
1800.163 -1.8760023685253905e-07
1808.58 -1.4873769957265434e-07
1816.997 -1.0425713836190155e-07
1825.413 -1.2863797607884082e-09
1833.83 1.9724696771125611e-10
1842.246 7.773796598693072e-10
1850.663 3.467143335050352e-10
1859.08 4.765050775278609e-10
1867.496 5.343923048168652e-10
1875.913 2.1739294352468225e-10
1884.33 5.207265447131842e-10
1892.746 7.703802568456911e-10
1901.163 3.5436875798821734e-10
1909.579 6.943042012689702e-10
1917.996 1.1608735725323912e-09
1926.413 4.992881547359201e-10
1934.829 -5.749531504019583e-09
1943.246 -1.6460228696640464e-08
1951.663 -2.315783685135135e-08
1960.079 -2.0799801792096426e-08
1968.496 -3.9006073358420164e-08
1976.913 -1.994952188023579e-08
1985.329 -5.493590191548919e-09
1993.746 -1.040842761364699e-08
2002.162 -1.5070105509001886e-08
2010.579 -1.445958198334339e-08
2018.996 -1.879363810034832e-08
2027.412 -1.0662333531842311e-08
2035.829 -1.0029901374390008e-08
2044.246 -6.771836806326955e-08
2052.662 -8.826529311609936e-08
2061.079 -1.0652916399942437e-08
2069.495 -8.160160978448087e-09
2077.912 -9.97878242960839e-09
2086.329 -7.758622580936851e-09
2094.745 -7.158843810958494e-09
2103.162 -8.964571513464932e-09
2111.579 2.7745016386639623e-08
2119.995 -1.4733935868992755e-08
2128.412 -5.1517456752480026e-08
2136.828 -1.403394580322021e-07
2145.245 -2.876818535210505e-07
2153.662 -5.324850354521307e-07
2162.078 -8.651612563800494e-07
2170.495 -9.334227198976172e-07
2178.912 -7.142313499286555e-07
2187.328 -4.311205656130271e-07
2195.745 -2.2485601907177014e-06
2204.161 -4.365838211822167e-06
2212.578 -1.2560807630755324e-06
2220.995 -2.2030153374422088e-06
2229.411 -3.388173853345036e-06
2237.828 -4.629682960208421e-06
2246.245 -5.979018861685113e-06
2254.661 -6.5808018978115145e-06
2263.078 -7.314357596623448e-06
2271.494 -6.773527565398006e-06
2279.911 -7.021598773148457e-06
2288.328 -8.475575697888725e-06
2296.744 -1.1187471272983047e-05
2305.161 -8.650641200740929e-06
2313.578 -5.70317043587457e-06
2321.994 -9.996737552858276e-06
2330.411 -6.8128119633405146e-06
2338.827 -1.0834053892548263e-05
2347.244 -1.3988759286907064e-05
2355.661 -9.927609660242735e-06
2364.077 -6.247625577023503e-06
2372.494 -1.39775969279277e-05
2380.911 -6.8796462884797226e-06
2389.327 -6.504882280107809e-06
2397.744 -5.857469357289898e-06
2406.16 -4.349250386851401e-06
2414.577 -2.0936650125423557e-06
2422.994 -2.8432230382695133e-06
2431.41 -2.1815801762510717e-06
2439.827 -1.3790986391756559e-06
2448.244 -1.1689756870033557e-06
2456.66 -8.627415469546249e-07
2465.077 -4.556890613168358e-07
2473.494 -3.777545284850839e-07
2481.91 -1.6779553900089417e-07
2490.327 -1.4808316274106489e-07
2498.743 -2.3626799399013295e-07
