1009.0 0.0
1017.417 0.0
1025.834 0.0
1034.25 0.0
1042.667 0.0
1051.084 0.0
1059.5 0.0
1067.917 -4.55947737478363e-16
1076.333 -9.190374826775222e-12
1084.75 -1.4954585725960054e-09
1093.167 -5.506407993813277e-09
1101.583 -1.8218566213537921e-09
1110.0 -1.0484942522303475e-08
1118.417 -5.175490067454646e-08
1126.833 -1.6145563691073376e-07
1135.25 -1.7178795888072025e-07
1143.666 -1.287694838079958e-07
1152.083 -3.552427019356872e-07
1160.5 -3.986826309695014e-07
1168.916 -2.733162552442858e-07
1177.333 -1.4166690266327485e-07
1185.75 -9.575981387226652e-08
1194.166 -7.078545122906642e-08
1202.583 -1.4416405054938572e-08
1210.999 2.497623229596813e-09
1219.416 -4.753278162265759e-10
1227.833 -3.902755829451165e-09
1236.249 -1.0186576626607594e-09
1244.666 -3.92570712289139e-10
1253.083 -4.703511021509941e-11
1261.499 -2.822565759944055e-10
1269.916 -1.1792995840314556e-10
1278.332 -4.850257506716491e-10
1286.749 -8.105502439242254e-10
1295.166 -2.3195124184706218e-10
1303.582 -1.4995507398284645e-08
1311.999 -7.31951347125514e-08
1320.416 -1.2225281630887355e-07
1328.832 -1.75783885668511e-07
1337.249 -2.369776974779695e-07
1345.665 -2.865937751473158e-07
1354.082 -1.470929516398309e-07
1362.499 -1.6616995475455655e-10
1370.915 5.0051166780062116e-11
1379.332 2.570417106006844e-10
1387.749 2.4733559954928747e-10
1396.165 5.825723833807384e-11
1404.582 -2.1914616182033848e-09
1412.999 -4.6513051618062155e-08
1421.415 -1.0947612208886777e-07
1429.832 -1.6725142868180438e-07
1438.248 -1.026359200600092e-07
1446.665 -1.1358378580010435e-07
1455.082 -3.0075403081431e-08
1463.498 -2.4419827950998662e-08
1471.915 -2.4456026014647316e-08
1480.332 7.971847595549783e-09
1488.748 3.04826285586102e-08
1497.165 -6.005422398826878e-09
1505.581 6.156029637095987e-09
1513.998 -6.765198941698952e-09
1522.415 -4.731524453774644e-09
1530.831 7.463340944807209e-09
1539.248 -1.8558503932091177e-09
1547.665 -3.703047111357404e-09
1556.081 -2.7146375856348594e-09
1564.498 -4.191122877257311e-09
1572.914 -2.8022587160083675e-09
1581.331 -3.3374030814413342e-09
1589.748 -3.926073388188639e-09
1598.164 -6.929983233546395e-09
1606.581 -2.7523411994866666e-08
1614.998 -5.8873407747566114e-08
1623.414 -2.793515707064647e-07
1631.831 -8.264842225227433e-07
1640.247 -1.059930993265109e-06
1648.664 -1.0507577995282026e-06
1657.081 -7.515503858893043e-07
1665.497 -1.981197159601931e-06
1673.914 -6.794064593556312e-07
1682.331 -6.06296636161812e-07
1690.747 -7.270668095001212e-07
1699.164 -9.419170981948299e-07
1707.58 -1.2135069944264867e-06
1715.997 -5.099148693758223e-07
1724.414 -9.587221556409808e-07
1732.83 -7.934330809703676e-07
1741.247 -4.395050631382114e-07
1749.664 -2.488747914039459e-07
1758.08 -1.7777423888856467e-07
1766.497 -3.362391408422115e-07
1774.913 -5.470337869231763e-07
1783.33 -3.303011742458811e-07
1791.747 -6.278182714696689e-07
1800.163 -1.537113431856905e-07
1808.58 -1.413966811597862e-07
1816.997 -9.936630237879944e-08
1825.413 -1.0209281197932413e-09
1833.83 2.896122006946592e-10
1842.246 2.3206938141315022e-11
1850.663 6.02552958753631e-10
1859.08 2.492029478112614e-10
1867.496 9.169404368811175e-10
1875.913 5.000871001468729e-10
1884.33 5.932159180925836e-10
1892.746 1.103829788528671e-09
1901.163 3.462137229098454e-10
1909.579 1.0618038034716487e-09
1917.996 9.805440885669117e-10
1926.413 6.947190128186468e-10
1934.829 -4.030391614372828e-09
1943.246 -7.2801062204339945e-09
1951.663 -4.425157039503394e-09
1960.079 1.0925580590721375e-09
1968.496 4.860688078759801e-08
1976.913 -9.47967889391529e-09
1985.329 -9.555956201052098e-09
1993.746 -9.611533470416599e-09
2002.162 -1.4619115274362103e-08
2010.579 -1.3818820648314427e-08
2018.996 -1.6301223337628884e-08
2027.412 -8.411866562380492e-09
2035.829 -7.888679908261947e-09
2044.246 -7.190445956966477e-09
2052.662 -8.276648035803193e-09
2061.079 -7.246092555520401e-09
2069.495 -6.723853409190977e-09
2077.912 -9.352930495754324e-09
2086.329 -1.1419129047272491e-08
2094.745 -1.1854589753959967e-08
2103.162 -9.619987080200018e-09
2111.579 -1.7799070470984685e-08
2119.995 -4.696834946185899e-08
2128.412 -5.044792119068799e-08
2136.828 -1.2320905088753187e-07
2145.245 -2.873658969972587e-07
2153.662 -5.205396046163873e-07
2162.078 -8.246775388506167e-07
2170.495 -9.214936939605455e-07
2178.912 -7.431150341728478e-07
2187.328 -3.8033877173095303e-07
2195.745 -2.0876684762602906e-06
2204.161 -4.226566666866508e-06
2212.578 -1.1813041118449514e-06
2220.995 -2.147007219602361e-06
2229.411 -3.265332131362433e-06
2237.828 -4.499153168900184e-06
2246.245 -5.725764223015882e-06
2254.661 -6.3347982730541075e-06
2263.078 -7.111309156497667e-06
2271.494 -6.428705411083454e-06
2279.911 -6.606573420811764e-06
2288.328 -8.084073942662161e-06
2296.744 -1.084694584457635e-05
2305.161 -8.327691505876144e-06
2313.578 -5.241628726663743e-06
2321.994 -9.546528328336097e-06
2330.411 -6.683046082081087e-06
2338.827 -1.0728208835946931e-05
2347.244 -1.3627691197606856e-05
2355.661 -9.376449408324924e-06
2364.077 -5.9620952389661545e-06
2372.494 -1.28782800877862e-05
2380.911 -6.562486207494743e-06
2389.327 -6.328822313661976e-06
2397.744 -5.637381942729255e-06
2406.16 -4.15081736439667e-06
2414.577 -2.0006601892546317e-06
2422.994 -2.7785847625933842e-06
2431.41 -2.035038932492183e-06
2439.827 -1.3535241806205028e-06
2448.244 -1.1554309499301262e-06
2456.66 -8.254429681264609e-07
2465.077 -5.52993636758987e-07
2473.494 -4.103134100059781e-07
2481.91 -2.4721122963692596e-07
2490.327 -1.5388096754325836e-07
2498.743 -2.5203709623172976e-07
