1009.0 0.0
1017.417 0.0
1025.834 0.0
1034.25 0.0
1042.667 0.0
1051.084 0.0
1059.5 0.0
1067.917 -4.590092615765108e-16
1076.333 -8.729073001078873e-12
1084.75 -1.4698964816618117e-09
1093.167 -6.751391517471846e-09
1101.583 -3.536637194202513e-09
1110.0 -2.2123457913449144e-08
1118.417 -6.966474190398952e-08
1126.833 -1.6052392434485737e-07
1135.25 -1.6736189452313115e-07
1143.666 -1.442411304473156e-07
1152.083 -3.330810067074003e-07
1160.5 -3.86153958538839e-07
1168.916 -2.8392536559473386e-07
1177.333 -1.4353682352638472e-07
1185.75 -7.570455917856084e-08
1194.166 -5.909282810440918e-08
1202.583 -2.317985403867076e-08
1210.999 1.2030944242806419e-08
1219.416 3.6523740555298194e-09
1227.833 -2.21256596803121e-09
1236.249 8.074891993161307e-10
1244.666 -4.652768209324938e-10
1253.083 -1.4688315502247722e-10
1261.499 -9.957179356399086e-12
1269.916 -6.171717136828828e-11
1278.332 -2.061279789523829e-10
1286.749 -1.7123299116125043e-09
1295.166 -8.897592851380634e-10
1303.582 -1.3982766024207892e-08
1311.999 -5.345634167870461e-08
1320.416 -1.1103796352576929e-07
1328.832 -1.794856465804041e-07
1337.249 -2.2547072157236564e-07
1345.665 -2.922815178906813e-07
1354.082 -1.5000107642326105e-07
1362.499 -2.056000425023407e-10
1370.915 3.2762607839411908e-12
1379.332 5.4212698638436834e-11
1387.749 1.007633640166217e-10
1396.165 -2.520642304835617e-11
1404.582 -1.8886286908054296e-09
1412.999 -2.395516171737621e-08
1421.415 -9.818179203999736e-08
1429.832 -1.1836874046112925e-07
1438.248 -8.894854410568312e-08
1446.665 -1.2878770589419706e-07
1455.082 -3.7368389513420235e-08
1463.498 -3.1697355621880135e-08
1471.915 -3.086234041758625e-08
1480.332 -2.492508189203196e-08
1488.748 9.400958822495308e-09
1497.165 -7.813994629964458e-09
1505.581 -1.3519525778607502e-08
1513.998 -9.33937570057424e-09
1522.415 -3.5594833581338895e-09
1530.831 2.442906903949456e-08
1539.248 -2.7153120047830127e-09
1547.665 -3.830914377437684e-09
1556.081 -4.044139084000838e-09
1564.498 -4.006015194301896e-09
1572.914 -3.5254454876554873e-09
1581.331 -3.4854096574998234e-09
1589.748 -3.801292144633056e-09
1598.164 -5.86168021346782e-09
1606.581 -2.0247141702563763e-08
1614.998 -6.067453417171008e-08
1623.414 -2.766814528394836e-07
1631.831 -8.178777297610004e-07
1640.247 -1.1010822405716971e-06
1648.664 -1.0674821737550464e-06
1657.081 -7.625452531351089e-07
1665.497 -2.0373133762884738e-06
1673.914 -6.876322451704719e-07
1682.331 -6.007467810781508e-07
1690.747 -7.016466491457529e-07
1699.164 -9.507323877219906e-07
1707.58 -1.196756180485943e-06
1715.997 -4.995220382990985e-07
1724.414 -9.559660405456545e-07
1732.83 -8.078250188295783e-07
1741.247 -4.48138166569802e-07
1749.664 -2.4932363838438135e-07
1758.08 -1.9007763512261981e-07
1766.497 -3.663308661882359e-07
1774.913 -5.464137580573743e-07
1783.33 -3.206230435029869e-07
1791.747 -6.376499891146973e-07
1800.163 -1.730157014862037e-07
1808.58 -1.4562890529574908e-07
1816.997 -9.971098654877874e-08
1825.413 -1.00951629176647e-09
1833.83 1.1798092211281277e-10
1842.246 1.3074524698947034e-10
1850.663 4.280836440100501e-10
1859.08 2.4477803925859865e-10
1867.496 5.375750792310517e-10
1875.913 5.902651686893562e-10
1884.33 5.587706274478123e-10
1892.746 9.852202077062444e-10
1901.163 2.98863335912392e-10
1909.579 1.1834170849192984e-09
1917.996 9.393534679241684e-10
1926.413 7.004099495190191e-10
1934.829 -5.263895014881893e-09
1943.246 -1.125912056967892e-09
1951.663 1.133794316608498e-08
1960.079 -4.748827380849565e-09
1968.496 1.6089418136798184e-08
1976.913 -5.712221332730486e-10
1985.329 6.373200947241055e-10
1993.746 1.6892075802049606e-09
2002.162 6.329398671456692e-09
2010.579 -1.3836978555101728e-08
2018.996 -1.7729427333664327e-08
2027.412 -9.850981524227785e-09
2035.829 -1.0305950180175262e-08
2044.246 -4.353612896591254e-08
2052.662 -5.600120434927656e-08
2061.079 -9.92961437993143e-09
2069.495 -6.912086117049076e-09
2077.912 -7.602207244397757e-09
2086.329 -9.051933609789961e-09
2094.745 -7.371351167656014e-09
2103.162 -8.21139904563151e-09
2111.579 -1.887882525746163e-08
2119.995 -2.8919555389858813e-08
2128.412 -4.7352504999878416e-08
2136.828 -1.2586647651078443e-07
2145.245 -2.8986697292197436e-07
2153.662 -5.25138614023284e-07
2162.078 -8.455775153933319e-07
2170.495 -9.183519010290509e-07
2178.912 -7.296169607328486e-07
2187.328 -3.994083743973711e-07
2195.745 -2.067185974999679e-06
2204.161 -4.268161692864601e-06
2212.578 -1.1929488760232338e-06
2220.995 -2.140845327200038e-06
2229.411 -3.3124378321685408e-06
2237.828 -4.550649876251936e-06
2246.245 -5.832667129763408e-06
2254.661 -6.4496199624158155e-06
2263.078 -7.230345629614198e-06
2271.494 -6.578964520474824e-06
2279.911 -6.726881009972154e-06
2288.328 -8.214511381694275e-06
2296.744 -1.0973064258775033e-05
2305.161 -8.380637107401169e-06
2313.578 -5.355907286723039e-06
2321.994 -9.659562554325495e-06
2330.411 -6.735053610562501e-06
2338.827 -1.0744370492718684e-05
2347.244 -1.3838242509692575e-05
2355.661 -9.591609804775647e-06
2364.077 -6.105634487894325e-06
2372.494 -1.343746978258421e-05
2380.911 -6.683264662143199e-06
2389.327 -6.388439671813416e-06
2397.744 -5.70176966438975e-06
2406.16 -4.1909852352323844e-06
2414.577 -2.0201841608565293e-06
2422.994 -2.7953844905878225e-06
2431.41 -2.048941974037355e-06
2439.827 -1.3555405336431976e-06
2448.244 -1.1393756845102039e-06
2456.66 -8.398494034497559e-07
2465.077 -4.5313844064833474e-07
2473.494 -3.427400953609999e-07
2481.91 -2.0614878196862246e-07
2490.327 -1.5696670611039788e-07
2498.743 -2.768338250156726e-07
