1009.0 -9.732245867096059e-14
1017.417 -1.3121399815815917e-11
1025.834 -5.6752735673872224e-11
1034.25 -1.039584511094201e-10
1042.667 -1.707623991941851e-10
1051.084 -1.347942228992455e-10
1059.5 -1.3526423290394845e-10
1067.917 -2.367976900057263e-10
1076.333 -2.9487826964588844e-10
1084.75 -8.121024656228761e-10
1093.167 -4.195995706563248e-09
1101.583 -4.1254643742894586e-09
1110.0 -2.600677818082917e-08
1118.417 -7.830451233391182e-08
1126.833 -2.0651683512957238e-07
1135.25 -1.9794409030182169e-07
1143.666 -1.780414772725032e-07
1152.083 -4.699567545574983e-07
1160.5 -5.715706638814011e-07
1168.916 -4.3684266782597213e-07
1177.333 -2.3960061925956125e-07
1185.75 -1.5141646083152776e-07
1194.166 -8.635426973281078e-08
1202.583 -4.1344295193016065e-08
1210.999 -1.458572866069246e-08
1219.416 -4.376077054569852e-09
1227.833 -3.836075372274097e-09
1236.249 -3.5557428486555817e-09
1244.666 -1.2815131583361252e-09
1253.083 -5.96410536456652e-10
1261.499 -7.521106171910864e-10
1269.916 -8.661652099845375e-10
1278.332 -9.168171430625403e-10
1286.749 -1.0986258090589264e-09
1295.166 -1.364270213676101e-09
1303.582 -1.5412076801830257e-08
1311.999 -9.684296322927492e-08
1320.416 -1.3010443213561637e-07
1328.832 -2.2899554420936646e-07
1337.249 -3.1999462867658133e-07
1345.665 -3.9149377709184935e-07
1354.082 -2.278829250677714e-07
1362.499 -3.2554780980164725e-10
1370.915 6.315497283732192e-11
1379.332 2.1360409630617937e-11
1387.749 1.7834439452880337e-11
1396.165 -6.543654507188022e-11
1404.582 -4.633448834565745e-09
1412.999 -7.16238269865887e-08
1421.415 -1.7978263149866524e-07
1429.832 -1.7496785121754246e-07
1438.248 -8.620259848555031e-08
1446.665 -5.986118365101803e-08
1455.082 -4.44987496282702e-08
1463.498 -3.414389300454153e-08
1471.915 -4.168130324952971e-08
1480.332 -3.5814478260688755e-08
1488.748 -1.4653261471672965e-08
1497.165 -9.072519262154603e-09
1505.581 -7.151519215673662e-09
1513.998 -5.516476285887994e-09
1522.415 -4.198724879961519e-09
1530.831 -3.1759408096449863e-09
1539.248 -2.9743448653111654e-09
1547.665 -2.8752547496038304e-09
1556.081 -2.7259161767063773e-09
1564.498 -2.9448970601635946e-09
1572.914 -2.706774908218296e-09
1581.331 -3.100093360337693e-09
1589.748 -3.2374761270220665e-09
1598.164 -6.201894669235872e-09
1606.581 -2.7099973605294475e-08
1614.998 -8.429522923666799e-08
1623.414 -2.9593693793493574e-07
1631.831 -8.707189330310717e-07
1640.247 -1.2732986092097947e-06
1648.664 -1.2365346141587883e-06
1657.081 -8.148852347370842e-07
1665.497 -2.17447957114714e-06
1673.914 -7.523954906577123e-07
1682.331 -6.763236407239753e-07
1690.747 -8.382904256406e-07
1699.164 -1.0206811029836895e-06
1707.58 -1.2714704718883306e-06
1715.997 -5.638676222226587e-07
1724.414 -1.0713147778135495e-06
1732.83 -8.923898589819673e-07
1741.247 -5.168451486109572e-07
1749.664 -3.1294310859885456e-07
1758.08 -2.3702741474124384e-07
1766.497 -4.435657968122683e-07
1774.913 -7.230609601615117e-07
1783.33 -4.7377485666882354e-07
1791.747 -7.974089308571563e-07
1800.163 -2.4426231128203885e-07
1808.58 -2.351061511169083e-07
1816.997 -1.4563250263245754e-07
1825.413 -2.795088667879115e-09
1833.83 2.9844233924860587e-10
1842.246 4.0822921356358335e-10
1850.663 5.474397543427937e-10
1859.08 4.868200674347393e-10
1867.496 5.432126655272973e-10
1875.913 4.2788319912514474e-10
1884.33 8.444383400995387e-10
1892.746 7.381906666754004e-10
1901.163 4.2219499394544686e-10
1909.579 7.907428979353798e-10
1917.996 6.260143596682744e-10
1926.413 -2.519718572551039e-09
1934.829 -5.415364244219709e-08
1943.246 -1.0379231114614031e-07
1951.663 -1.075274088977752e-07
1960.079 -1.166562908507012e-07
1968.496 -1.265468057186352e-07
1976.913 -1.2519829289690877e-07
1985.329 -1.25268927150952e-07
1993.746 -1.2464453418889546e-07
2002.162 -1.2558634477563273e-07
2010.579 -1.311933502421005e-07
2018.996 -1.2943627911488562e-07
2027.412 -1.3131295605773321e-07
2035.829 -1.3778950399951792e-07
2044.246 -1.4078378426060727e-07
2052.662 -1.4345979296048322e-07
2061.079 -1.473382368364609e-07
2069.495 -1.4462732501748242e-07
2077.912 -1.4648168887664906e-07
2086.329 -1.4825658854711668e-07
2094.745 -1.4977896600957826e-07
2103.162 -1.532514195751307e-07
2111.579 -1.5978814037410103e-07
2119.995 -1.74682465956866e-07
2128.412 -2.0960841485304902e-07
2136.828 -2.8768874296429983e-07
2145.245 -3.48905719019671e-07
2153.662 -5.739265760760433e-07
2162.078 -8.792523517713558e-07
2170.495 -1.002373124087012e-06
2178.912 -7.948700070741928e-07
2187.328 -4.5595137176494106e-07
2195.745 -2.40655329565189e-06
2204.161 -4.58176830002071e-06
2212.578 -1.2474510775995644e-06
2220.995 -2.2461857464868376e-06
2229.411 -3.4348274209976334e-06
2237.828 -4.757416932390099e-06
2246.245 -6.140452866002908e-06
2254.661 -6.633427262334297e-06
2263.078 -7.696202101346872e-06
2271.494 -7.0390321756523105e-06
2279.911 -7.265184590201112e-06
2288.328 -8.603777921449097e-06
2296.744 -1.1531887179404214e-05
2305.161 -9.065431514867503e-06
2313.578 -6.375984844406159e-06
2321.994 -1.0813909414238872e-05
2330.411 -7.011049760026444e-06
2338.827 -1.1640090057357014e-05
2347.244 -1.5524580310512042e-05
2355.661 -1.1116978677771213e-05
2364.077 -6.730975043061522e-06
2372.494 -1.5356289304674807e-05
2380.911 -8.054998484199782e-06
2389.327 -7.535280706730512e-06
2397.744 -6.464492708555049e-06
2406.16 -4.856584613563434e-06
2414.577 -2.438085029539044e-06
2422.994 -3.138822548311799e-06
2431.41 -2.278301816243728e-06
2439.827 -1.4673874285567264e-06
2448.244 -1.3933056254817147e-06
2456.66 -9.166855101131916e-07
2465.077 -5.667457761639559e-07
2473.494 -5.227017294774218e-07
2481.91 -3.294381519555772e-07
2490.327 -2.771606342688119e-07
2498.743 -3.120320885633036e-07
