1009.0 -5.473968345165237e-15
1017.417 -2.045357339529857e-12
1025.834 -1.6465426374359513e-11
1034.25 -3.1794390493314396e-11
1042.667 -7.084873644137949e-11
1051.084 -6.791439866314029e-11
1059.5 -9.792501873575884e-11
1067.917 -1.1988951822206584e-10
1076.333 -1.9321047135845106e-10
1084.75 -6.944131491440099e-10
1093.167 -4.22538908835751e-09
1101.583 -4.091658381161645e-09
1110.0 -2.514710101106086e-08
1118.417 -7.489775202270661e-08
1126.833 -1.9811482392581653e-07
1135.25 -1.9376765128345523e-07
1143.666 -1.7435446766044279e-07
1152.083 -4.464224826022915e-07
1160.5 -5.398186797236085e-07
1168.916 -4.1454119822389655e-07
1177.333 -2.3788862012652218e-07
1185.75 -1.5286841441282838e-07
1194.166 -9.015633425623335e-08
1202.583 -4.3878686354171545e-08
1210.999 -1.5198472774283775e-08
1219.416 -4.610577572491875e-09
1227.833 -4.436540903048431e-09
1236.249 -3.748465494134992e-09
1244.666 -1.3605280854055434e-09
1253.083 -4.4818270720611143e-10
1261.499 -4.764054391192559e-10
1269.916 -5.292784250533255e-10
1278.332 -4.5087938644021864e-10
1286.749 -5.54846855224827e-10
1295.166 -8.58554365533953e-10
1303.582 -1.4954708069356345e-08
1311.999 -9.31748505409655e-08
1320.416 -1.2765309400347126e-07
1328.832 -2.2098780941456393e-07
1337.249 -3.1448970742636727e-07
1345.665 -3.8081197961478595e-07
1354.082 -2.172812887374034e-07
1362.499 -3.048489895834487e-10
1370.915 1.0556694467337409e-10
1379.332 7.222377451294418e-11
1387.749 8.198259312621802e-11
1396.165 2.365795839614142e-11
1404.582 -4.356423038226389e-09
1412.999 -6.786618199478419e-08
1421.415 -1.72427414042001e-07
1429.832 -1.6202543953209178e-07
1438.248 -8.425758443734135e-08
1446.665 -5.843237246195706e-08
1455.082 -4.3559047501059605e-08
1463.498 -3.392136104345686e-08
1471.915 -4.009557427884918e-08
1480.332 -3.457824597488245e-08
1488.748 -1.4347254853436036e-08
1497.165 -8.36438741630188e-09
1505.581 -6.202252511033017e-09
1513.998 -4.666822804105582e-09
1522.415 -2.8481638046291974e-09
1530.831 -1.9712807075810157e-09
1539.248 -1.7808591610905797e-09
1547.665 -1.6728918167741764e-09
1556.081 -1.7175854467476882e-09
1564.498 -1.5776374414684854e-09
1572.914 -1.4220114388188071e-09
1581.331 -1.4746222346786198e-09
1589.748 -1.7710977384944666e-09
1598.164 -5.082924266865239e-09
1606.581 -2.6847543650563433e-08
1614.998 -7.876251801808786e-08
1623.414 -2.831002525775567e-07
1631.831 -8.777572382931748e-07
1640.247 -1.2421349487138888e-06
1648.664 -1.1844459533626463e-06
1657.081 -7.918061923181761e-07
1665.497 -2.1310995114243434e-06
1673.914 -7.339390164791838e-07
1682.331 -6.55040657462183e-07
1690.747 -8.285926996262079e-07
1699.164 -1.0210640236829183e-06
1707.58 -1.2841215462542276e-06
1715.997 -5.501318094906873e-07
1724.414 -1.0611850093687734e-06
1732.83 -8.81312909866334e-07
1741.247 -4.96347179128271e-07
1749.664 -2.825976753797565e-07
1758.08 -2.0047584402142627e-07
1766.497 -4.0747185726680357e-07
1774.913 -6.817257121580866e-07
1783.33 -4.324196804218016e-07
1791.747 -7.569251491819316e-07
1800.163 -2.1059711953960191e-07
1808.58 -2.0403414010316418e-07
1816.997 -1.334248035859276e-07
1825.413 -1.8029904145828847e-09
1833.83 7.54253444587387e-10
1842.246 7.97184882984405e-10
1850.663 7.042110357205864e-10
1859.08 8.13548122212504e-10
1867.496 9.4787827091528e-10
1875.913 7.497425214505273e-10
1884.33 9.971535061096843e-10
1892.746 1.0101518966162488e-09
1901.163 8.487709237425706e-10
1909.579 9.907677918169849e-10
1917.996 1.0708523190142034e-09
1926.413 -3.2455644754252547e-10
1934.829 -2.617347860659361e-08
1943.246 -5.0566400592587326e-08
1951.663 -5.243292798643169e-08
1960.079 -5.785871990642678e-08
1968.496 -6.374414992504834e-08
1976.913 -6.16852382791938e-08
1985.329 -6.086306722513766e-08
1993.746 -5.8333757577479776e-08
2002.162 -5.9376593612190504e-08
2010.579 -6.15977781067914e-08
2018.996 -6.051927238031596e-08
2027.412 -6.088430745624618e-08
2035.829 -6.399082870250516e-08
2044.246 -6.533050954691398e-08
2052.662 -6.686890006377721e-08
2061.079 -6.882824727635798e-08
2069.495 -6.698583523671729e-08
2077.912 -6.807860513242424e-08
2086.329 -6.89665125696497e-08
2094.745 -6.978365888653317e-08
2103.162 -7.193583538660468e-08
2111.579 -7.828372652080607e-08
2119.995 -9.36644706424545e-08
2128.412 -1.2416671710134544e-07
2136.828 -2.0844101315802167e-07
2145.245 -3.3099245778190325e-07
2153.662 -5.872609458514913e-07
2162.078 -8.909041484579209e-07
2170.495 -1.0006790487811543e-06
2178.912 -7.995396102173534e-07
2187.328 -4.5941881047033235e-07
2195.745 -2.3773541119171672e-06
2204.161 -4.603878386305734e-06
2212.578 -1.2463649418255524e-06
2220.995 -2.285007063599317e-06
2229.411 -3.49279033447457e-06
2237.828 -4.846070522505601e-06
2246.245 -6.193072501256658e-06
2254.661 -6.705940662405156e-06
2263.078 -7.680677130342375e-06
2271.494 -6.938371464001223e-06
2279.911 -7.123897200689962e-06
2288.328 -8.546435180988148e-06
2296.744 -1.151536028613509e-05
2305.161 -9.014935517163574e-06
2313.578 -6.035076795295703e-06
2321.994 -1.0649793163894767e-05
2330.411 -7.038344398867313e-06
2338.827 -1.1675232180888906e-05
2347.244 -1.5389091291911488e-05
2355.661 -1.0723753846000482e-05
2364.077 -6.4888055737402986e-06
2372.494 -1.4859839891807935e-05
2380.911 -7.902979178274866e-06
2389.327 -7.38349028899507e-06
2397.744 -6.447005123953021e-06
2406.16 -4.840552423336075e-06
2414.577 -2.458376022696228e-06
2422.994 -3.179887996756529e-06
2431.41 -2.3004153720946613e-06
2439.827 -1.4755087184369042e-06
2448.244 -1.405692845107149e-06
2456.66 -9.430569921360025e-07
2465.077 -5.736084482415438e-07
2473.494 -5.144958377704429e-07
2481.91 -3.305298520975868e-07
2490.327 -2.5357341485817303e-07
2498.743 -3.0014600481916885e-07
