1009.0 -1.1007989697753737e-12
1017.417 -2.2942568882442135e-11
1025.834 4.199287672997713e-13
1034.25 -5.929292635523952e-13
1042.667 -2.3324889829465274e-11
1051.084 -2.957313752373465e-11
1059.5 -4.6595146974125024e-11
1067.917 -6.128744821742642e-11
1076.333 -9.204060709376777e-11
1084.75 -5.490499414018187e-10
1093.167 -3.3744554487126983e-09
1101.583 -2.6845164505063113e-09
1110.0 -1.9302453313377747e-08
1118.417 -5.920958071928313e-08
1126.833 -1.612703275680093e-07
1135.25 -1.4909461052475588e-07
1143.666 -1.345289294967402e-07
1152.083 -3.82019017990503e-07
1160.5 -4.737525853522915e-07
1168.916 -3.551656344230298e-07
1177.333 -1.8533900793676467e-07
1185.75 -1.0803942408213703e-07
1194.166 -6.343776827210304e-08
1202.583 -3.427621979341296e-08
1210.999 -1.3905644265888633e-08
1219.416 -4.637338961723917e-09
1227.833 -4.604037429585278e-09
1236.249 -3.5887486793149377e-09
1244.666 -1.357258044629726e-09
1253.083 -2.375677769990115e-10
1261.499 -1.6802487958908733e-10
1269.916 -2.337586470149376e-10
1278.332 -1.89081827935275e-10
1286.749 -3.1372502712841655e-10
1295.166 -5.391095928649706e-10
1303.582 -1.0925722871848778e-08
1311.999 -7.724621656352275e-08
1320.416 -1.0970702015554907e-07
1328.832 -1.769577192101475e-07
1337.249 -2.6526640323389075e-07
1345.665 -3.3087691702942735e-07
1354.082 -1.876172619738317e-07
1362.499 -2.066053955762989e-10
1370.915 9.177622217109517e-11
1379.332 6.688590020936377e-11
1387.749 9.905106887634177e-11
1396.165 -4.0017253402296575e-11
1404.582 -3.5933969152563975e-09
1412.999 -5.6764796245601816e-08
1421.415 -1.5082760580264583e-07
1429.832 -1.319521844334254e-07
1438.248 -6.514673978045566e-08
1446.665 -4.4707829686826916e-08
1455.082 -2.8453990501912362e-08
1463.498 -2.362397568113431e-08
1471.915 -3.26643313820181e-08
1480.332 -2.5129120993197265e-08
1488.748 -1.2190426629955006e-08
1497.165 -6.071473086478913e-09
1505.581 -4.9085520465680845e-09
1513.998 -2.839310674618844e-09
1522.415 -1.5458287838653786e-09
1530.831 -1.09369471793759e-09
1539.248 -7.584732523089789e-10
1547.665 -4.816895415048337e-10
1556.081 -4.5363798730520814e-10
1564.498 -5.727949765578922e-10
1572.914 -3.6401360921619376e-10
1581.331 -4.32731315601289e-10
1589.748 -7.634078475952932e-10
1598.164 -4.343650263402934e-09
1606.581 -2.3175470192010807e-08
1614.998 -6.801147114947192e-08
1623.414 -2.721711392147879e-07
1631.831 -6.92511339418067e-07
1640.247 -7.103602393808497e-07
1648.664 -7.4897503432196e-07
1657.081 -5.58933434004929e-07
1665.497 -1.2462806293537927e-06
1673.914 -4.988070720878043e-07
1682.331 -4.525180989017438e-07
1690.747 -6.230643809173835e-07
1699.164 -8.976424155670263e-07
1707.58 -1.1722458633622017e-06
1715.997 -4.961118198107418e-07
1724.414 -9.599918304103887e-07
1732.83 -7.956071307484795e-07
1741.247 -4.4137552102758046e-07
1749.664 -2.4444884538718447e-07
1758.08 -1.6521239437147203e-07
1766.497 -3.466872737925665e-07
1774.913 -5.852453733433504e-07
1783.33 -3.5753581571132384e-07
1791.747 -6.367248717415274e-07
1800.163 -1.582610393141569e-07
1808.58 -1.546639699542854e-07
1816.997 -1.0810375727664817e-07
1825.413 -9.383327592558275e-10
1833.83 8.262731350446477e-10
1842.246 8.778768439440457e-10
1850.663 9.163698556978205e-10
1859.08 9.243590162518611e-10
1867.496 8.455401298721963e-10
1875.913 9.098931267368817e-10
1884.33 1.414296257321543e-09
1892.746 1.1798309030198128e-09
1901.163 9.868663067719788e-10
1909.579 1.174841346071477e-09
1917.996 1.562552462078144e-09
1926.413 1.770571029753167e-09
1934.829 2.8838423290058986e-09
1943.246 -2.480877653585722e-09
1951.663 3.136307866708776e-09
1960.079 4.556453725210067e-09
1968.496 2.637369555803811e-09
1976.913 4.561292823686521e-09
1985.329 6.3558591367133954e-09
1993.746 9.944387536447546e-09
2002.162 1.0248350383518232e-08
2010.579 1.0113224119539278e-08
2018.996 1.0533033709316492e-08
2027.412 1.2120602878348419e-08
2035.829 1.1791082695956884e-08
2044.246 1.1494278126851439e-08
2052.662 1.1584735500287026e-08
2061.079 1.2364217004537023e-08
2069.495 1.3019861866575771e-08
2077.912 1.2214225452506204e-08
2086.329 1.3466144839448685e-08
2094.745 1.2570480127412303e-08
2103.162 1.2096516643063835e-08
2111.579 7.417100502565369e-09
2119.995 -3.5635580382438257e-09
2128.412 -3.18958129853369e-08
2136.828 -1.1369318716104029e-07
2145.245 -2.7382119682757564e-07
2153.662 -5.19824374205158e-07
2162.078 -7.505284503683257e-07
2170.495 -8.097304319582625e-07
2178.912 -5.877372419505555e-07
2187.328 -3.486058307800618e-07
2195.745 -1.6195447940612417e-06
2204.161 -3.462194174396984e-06
2212.578 -1.0472429094324008e-06
2220.995 -1.829700839940494e-06
2229.411 -2.7370083307014887e-06
2237.828 -3.781220641586376e-06
2246.245 -4.635160737897579e-06
2254.661 -5.0482970181877775e-06
2263.078 -5.303584009020661e-06
2271.494 -4.630664943294395e-06
2279.911 -4.736253111706831e-06
2288.328 -6.0568616270122365e-06
2296.744 -8.1459645933506e-06
2305.161 -6.289858967187325e-06
2313.578 -2.881864729833478e-06
2321.994 -6.917060454510153e-06
2330.411 -5.266922936130017e-06
2338.827 -8.17977825144164e-06
2347.244 -1.0304499737368435e-05
2355.661 -6.5142250597692116e-06
2364.077 -4.030977914208737e-06
2372.494 -8.391076990518556e-06
2380.911 -5.036721305892824e-06
2389.327 -4.661061835554591e-06
2397.744 -4.504589492458311e-06
2406.16 -3.3920858174139367e-06
2414.577 -1.8564865632484193e-06
2422.994 -2.7324123176998554e-06
2431.41 -1.938927018329015e-06
2439.827 -1.3457119622323084e-06
2448.244 -1.2991611234783425e-06
2456.66 -8.704254938691352e-07
2465.077 -5.240945777310647e-07
2473.494 -4.644647831466145e-07
2481.91 -2.933272591848768e-07
2490.327 -2.36728116090916e-07
2498.743 -2.565041133945908e-07
