1009.0 0.0
1017.417 0.0
1025.834 -8.356951494451277e-19
1034.25 -4.328677217227331e-14
1042.667 -1.0408846919752229e-11
1051.084 -1.1598454044338454e-11
1059.5 -1.0708213725448506e-13
1067.917 -1.1473385179226134e-11
1076.333 -2.102176846084686e-11
1084.75 -1.222469907017707e-09
1093.167 -4.158200378141498e-09
1101.583 -2.3683610769052643e-09
1110.0 -1.48898636265041e-08
1118.417 -6.343917922227528e-08
1126.833 -1.4038094267819045e-07
1135.25 -1.265102781613987e-07
1143.666 -1.0658468831459674e-07
1152.083 -3.574862262943189e-07
1160.5 -4.0599394389198637e-07
1168.916 -2.893848327362373e-07
1177.333 -1.698312257517471e-07
1185.75 -1.0792282691042251e-07
1194.166 -6.515760217798693e-08
1202.583 -4.0394657295354154e-08
1210.999 -1.5312222972292742e-08
1219.416 -6.354009004334158e-09
1227.833 -5.4323766591725375e-09
1236.249 -2.7276028092315888e-09
1244.666 -1.0749492696233031e-09
1253.083 -2.1335714653197797e-10
1261.499 -2.634044797396191e-10
1269.916 -7.483551935095982e-10
1278.332 -5.701945033826588e-10
1286.749 -2.870848602794865e-10
1295.166 -1.0158106514058779e-09
1303.582 -4.263456900653694e-09
1311.999 -6.032620457646771e-08
1320.416 -1.2031863126448195e-07
1328.832 -1.6778064201784467e-07
1337.249 -2.3748421809954824e-07
1345.665 -2.968988736542395e-07
1354.082 -1.48771787733208e-07
1362.499 -1.4969187142301784e-10
1370.915 1.6972116298076571e-10
1379.332 3.425852902231793e-10
1387.749 6.080929468359581e-10
1396.165 1.1412129334200239e-10
1404.582 -2.885367832469888e-09
1412.999 -3.095139544191371e-08
1421.415 -9.543220251655829e-08
1429.832 -9.112177077112663e-08
1438.248 1.7825558508933852e-08
1446.665 -5.465687000811762e-08
1455.082 -2.4875713722776865e-08
1463.498 -3.598632812411866e-08
1471.915 -2.7401863191202364e-08
1480.332 -2.2930697261540876e-08
1488.748 -1.1278189492665235e-08
1497.165 -4.633594285460317e-09
1505.581 -1.878887470467424e-08
1513.998 -5.603233535646388e-09
1522.415 -5.157358077277994e-09
1530.831 -2.9061594639825954e-09
1539.248 -2.51302878727203e-09
1547.665 -1.493701599461123e-09
1556.081 -2.312715879948524e-09
1564.498 -3.0297708616775683e-09
1572.914 -1.1738652083609689e-09
1581.331 -3.3776038182997266e-09
1589.748 -3.0132838269244077e-09
1598.164 -6.161423553732496e-09
1606.581 -1.4396638062714804e-08
1614.998 -6.040667771356321e-08
1623.414 -2.7809598613280013e-07
1631.831 -8.058865655210903e-07
1640.247 -1.0307181052246487e-06
1648.664 -1.0015544905928824e-06
1657.081 -6.942058485825598e-07
1665.497 -1.8678577851325183e-06
1673.914 -6.489064937333325e-07
1682.331 -5.727843940945995e-07
1690.747 -6.757340890904863e-07
1699.164 -9.24920417269712e-07
1707.58 -1.167652814460327e-06
1715.997 -5.048965192913338e-07
1724.414 -9.914044658901155e-07
1732.83 -8.006314471922347e-07
1741.247 -4.255265663024778e-07
1749.664 -2.4432508850842606e-07
1758.08 -1.942421851018357e-07
1766.497 -3.431859847876237e-07
1774.913 -5.761623208612959e-07
1783.33 -3.3508937944897144e-07
1791.747 -6.353995838930991e-07
1800.163 -1.6490826214151772e-07
1808.58 -1.4399005423670282e-07
1816.997 -1.0107609877058262e-07
1825.413 -8.417329928783374e-10
1833.83 6.059701195108554e-10
1842.246 1.5674733071566557e-10
1850.663 3.643042300518226e-10
1859.08 4.16015274338902e-10
1867.496 3.742331912812351e-10
1875.913 7.206863794535713e-10
1884.33 9.888828455571272e-10
1892.746 8.912217394451318e-10
1901.163 9.467203975424953e-10
1909.579 4.00075804352688e-10
1917.996 1.0984185669412404e-09
1926.413 5.621748229098459e-10
1934.829 -5.638283826351383e-09
1943.246 -1.739408791357798e-08
1951.663 -2.673873343396349e-08
1960.079 -1.8005015806478717e-08
1968.496 -2.2547680719106777e-08
1976.913 -1.6095950591516864e-08
1985.329 -1.2202280673820093e-08
1993.746 -6.7894887821823624e-09
2002.162 -1.596722564373263e-08
2010.579 -7.0674273754771e-10
2018.996 4.400849834924878e-09
2027.412 -5.945294609178021e-09
2035.829 -1.0754125182111986e-08
2044.246 -1.0973947768721463e-08
2052.662 -1.1518512064988094e-08
2061.079 -9.903356624965734e-09
2069.495 -1.0944646742998583e-08
2077.912 -1.0682449502878951e-08
2086.329 -9.96089816254853e-09
2094.745 -1.0176578873696678e-08
2103.162 -1.2084176887854854e-08
2111.579 -2.27881473042409e-08
2119.995 -2.206414813569257e-08
2128.412 -5.3268391790735154e-08
2136.828 -1.4162336254665073e-07
2145.245 -2.7853910386571085e-07
2153.662 -5.259111717524699e-07
2162.078 -7.988120056003476e-07
2170.495 -8.660557667314815e-07
2178.912 -6.812826185010705e-07
2187.328 -3.4505024778385417e-07
2195.745 -2.0549934441859324e-06
2204.161 -4.1456119534019055e-06
2212.578 -1.1760690864034508e-06
2220.995 -2.0644287926938952e-06
2229.411 -3.2061440633199798e-06
2237.828 -4.38251054047914e-06
2246.245 -5.625086203105203e-06
2254.661 -6.280333710778552e-06
2263.078 -6.916273734518942e-06
2271.494 -6.2808074155304954e-06
2279.911 -6.3714640173418355e-06
2288.328 -7.793573666163748e-06
2296.744 -1.0474802703005573e-05
2305.161 -8.0577793170045e-06
2313.578 -4.88185253075296e-06
2321.994 -9.237595239107026e-06
2330.411 -6.428056262323959e-06
2338.827 -1.0249060958403708e-05
2347.244 -1.310240586147131e-05
2355.661 -9.093628937281054e-06
2364.077 -5.724664876729037e-06
2372.494 -1.2135529453877435e-05
2380.911 -6.185346583537391e-06
2389.327 -6.102586077985337e-06
2397.744 -5.557561794045339e-06
2406.16 -4.0649562191963055e-06
2414.577 -2.0018117933868416e-06
2422.994 -2.7491523836640734e-06
2431.41 -2.051913591203277e-06
2439.827 -1.3539332392919e-06
2448.244 -1.1732602108355742e-06
2456.66 -8.26637641473906e-07
2465.077 -4.5007944395903745e-07
2473.494 -3.1843303877735086e-07
2481.91 -2.1680848548850495e-07
2490.327 -1.4812160798840207e-07
2498.743 -1.8047111845693717e-07
