1009.0 -2.6725948731953922e-14
1017.417 -1.578941688173451e-12
1025.834 -1.3500153909008084e-11
1034.25 -2.7635718953735493e-11
1042.667 -3.651465032013992e-11
1051.084 -5.135564661915971e-11
1059.5 -7.731652424061661e-11
1067.917 -6.25129669789629e-11
1076.333 -8.171724245445038e-11
1084.75 -6.458777712650027e-10
1093.167 -4.039140125816883e-09
1101.583 -3.914217912503199e-09
1110.0 -2.274523096238394e-08
1118.417 -6.643111726519267e-08
1126.833 -1.750372324309199e-07
1135.25 -1.6490998849415055e-07
1143.666 -1.466513637731158e-07
1152.083 -4.020394155150448e-07
1160.5 -4.933753129781761e-07
1168.916 -3.67284006061288e-07
1177.333 -1.9077341430153735e-07
1185.75 -1.247879791490671e-07
1194.166 -7.592443529023019e-08
1202.583 -4.000112946579624e-08
1210.999 -1.465920387232498e-08
1219.416 -4.586400410509431e-09
1227.833 -4.422414399655652e-09
1236.249 -3.5768488327386834e-09
1244.666 -1.3771840715086057e-09
1253.083 -3.839951190164923e-10
1261.499 -2.6138848685666467e-10
1269.916 -2.814949199099778e-10
1278.332 -3.1502372943639034e-10
1286.749 -3.2239299645288786e-10
1295.166 -5.560450498505587e-10
1303.582 -1.2526168388664676e-08
1311.999 -8.263915070707655e-08
1320.416 -1.1754257658361095e-07
1328.832 -1.9518670210536054e-07
1337.249 -2.826195928006842e-07
1345.665 -3.5059870930726115e-07
1354.082 -1.9903818975696704e-07
1362.499 -2.51817096755863e-10
1370.915 7.496459731869354e-11
1379.332 6.132330890089354e-11
1387.749 6.94736065942542e-11
1396.165 -3.4971897606025274e-11
1404.582 -3.857993413787693e-09
1412.999 -6.057281608521267e-08
1421.415 -1.6053420965821288e-07
1429.832 -1.4522785572208313e-07
1438.248 -7.295198775778852e-08
1446.665 -5.210886722773437e-08
1455.082 -3.772296366475691e-08
1463.498 -2.975288834629418e-08
1471.915 -3.4528529608675794e-08
1480.332 -2.9041955523783868e-08
1488.748 -1.3018468992117083e-08
1497.165 -7.64708541986343e-09
1505.581 -5.605629781332131e-09
1513.998 -3.679400424596887e-09
1522.415 -1.979721410758522e-09
1530.831 -1.3295183735651128e-09
1539.248 -1.1079949965792462e-09
1547.665 -1.0079211269294487e-09
1556.081 -1.0384148334756849e-09
1564.498 -9.301534333831682e-10
1572.914 -8.903664215325957e-10
1581.331 -7.71798081307499e-10
1589.748 -1.0377524341691221e-09
1598.164 -4.295222878632257e-09
1606.581 -2.3980427240872302e-08
1614.998 -7.266587503708262e-08
1623.414 -2.811056072296021e-07
1631.831 -7.934451740979033e-07
1640.247 -9.64530444041931e-07
1648.664 -9.461471285836613e-07
1657.081 -6.695165042115053e-07
1665.497 -1.6763696302666762e-06
1673.914 -6.158786732270379e-07
1682.331 -5.570141966112168e-07
1690.747 -7.334036780801795e-07
1699.164 -9.65501373965769e-07
1707.58 -1.2281389121600078e-06
1715.997 -5.194526058312639e-07
1724.414 -1.0074716811208637e-06
1732.83 -8.316112538549158e-07
1741.247 -4.6036989180072096e-07
1749.664 -2.5517228828043955e-07
1758.08 -1.7633908972644876e-07
1766.497 -3.640227482147681e-07
1774.913 -6.192112020108948e-07
1783.33 -3.809049346696459e-07
1791.747 -6.835157559714872e-07
1800.163 -1.724783919245061e-07
1808.58 -1.6722594921737668e-07
1816.997 -1.1609071586307205e-07
1825.413 -9.591692222442483e-10
1833.83 8.238326839426959e-10
1842.246 8.134099663676065e-10
1850.663 8.148244839245048e-10
1859.08 8.791216927438204e-10
1867.496 8.801886245609728e-10
1875.913 8.552997067108075e-10
1884.33 1.30718601497815e-09
1892.746 1.2934110284465129e-09
1901.163 1.0383641338962293e-09
1909.579 1.1146838694400668e-09
1917.996 1.483731396594465e-09
1926.413 1.3707821291661441e-09
1934.829 -3.995340298866677e-09
1943.246 -1.0964909323407853e-08
1951.663 -6.3199886192716806e-09
1960.079 -6.5649640245141795e-09
1968.496 -1.0152847323731786e-08
1976.913 -7.422751795082036e-09
1985.329 -5.403070629003635e-09
1993.746 -2.7718516328981846e-09
2002.162 -3.0256880745033073e-09
2010.579 -2.8656809777621205e-09
2018.996 -2.1457831142559187e-09
2027.412 -1.4565126484790181e-09
2035.829 -2.0052864992113965e-09
2044.246 -2.03834212172645e-09
2052.662 -2.3008653370036595e-09
2061.079 -2.4577756995099803e-09
2069.495 -1.5804905247929854e-09
2077.912 -1.7808415219160621e-09
2086.329 -1.9531577320839276e-09
2094.745 -2.2027613060572728e-09
2103.162 -3.5684459168016508e-09
2111.579 -8.157121044580982e-09
2119.995 -1.9975747371377458e-08
2128.412 -4.8077853538147744e-08
2136.828 -1.344510654733464e-07
2145.245 -2.952068664123537e-07
2153.662 -5.572805936670693e-07
2162.078 -8.274742908701857e-07
2170.495 -9.088243767927368e-07
2178.912 -6.919095125868397e-07
2187.328 -3.980567093601702e-07
2195.745 -2.0143227252675354e-06
2204.161 -4.069347806234487e-06
2212.578 -1.1545107839057336e-06
2220.995 -2.0596430359469944e-06
2229.411 -3.121870207723861e-06
2237.828 -4.338932767034441e-06
2246.245 -5.4418771182852245e-06
2254.661 -5.89627792289234e-06
2263.078 -6.502454272412352e-06
2271.494 -5.741325665570526e-06
2279.911 -5.872206786145694e-06
2288.328 -7.256648613420883e-06
2296.744 -9.838963543103715e-06
2305.161 -7.64206105875933e-06
2313.578 -4.361778145758326e-06
2321.994 -8.766902490432291e-06
2330.411 -6.160528478011778e-06
2338.827 -9.952575092277362e-06
2347.244 -1.2814442814953564e-05
2355.661 -8.451793666351116e-06
2364.077 -5.1353366461784715e-06
2372.494 -1.1481046635990299e-05
2380.911 -6.430210133821153e-06
2389.327 -5.9723068005083516e-06
2397.744 -5.49118992432163e-06
2406.16 -4.115670081484104e-06
2414.577 -2.1663242522407825e-06
2422.994 -2.9638794760453817e-06
2431.41 -2.127944171363564e-06
2439.827 -1.404762813011474e-06
2448.244 -1.3452423041125215e-06
2456.66 -9.019762803341049e-07
2465.077 -5.480257979640923e-07
2473.494 -4.932669847067615e-07
2481.91 -3.163958935945678e-07
2490.327 -2.4929776216403134e-07
2498.743 -2.7522501208579827e-07
