1009.0 0.0
1017.417 0.0
1025.834 0.0
1034.25 0.0
1042.667 0.0
1051.084 0.0
1059.5 0.0
1067.917 -2.2074867186729996e-16
1076.333 -5.085403279564976e-12
1084.75 -8.744783832671936e-10
1093.167 1.2793853368320276e-08
1101.583 6.897389472396924e-09
1110.0 3.2073930244315985e-09
1118.417 -4.184236960143294e-08
1126.833 -1.6999509041621308e-07
1135.25 -1.5473687310016483e-07
1143.666 -1.165893740895765e-07
1152.083 -3.5155249411789305e-07
1160.5 -4.2155325643249017e-07
1168.916 -3.358090525397147e-07
1177.333 -2.1176599261969263e-07
1185.75 -1.4451552263187404e-07
1194.166 -4.635352276093496e-08
1202.583 -9.558343231542884e-09
1210.999 -3.5345697572659525e-09
1219.416 -4.490425310121872e-09
1227.833 -5.315913094946815e-09
1236.249 -3.4185181867073545e-09
1244.666 -5.443501354252582e-10
1253.083 -4.4782206873320746e-10
1261.499 -2.900360370962904e-11
1269.916 -1.8809382955203077e-10
1278.332 -8.582052766084182e-10
1286.749 -6.433874222967186e-10
1295.166 -1.2462296501582773e-09
1303.582 -1.4092406174559738e-08
1311.999 -9.311242822156676e-08
1320.416 -1.1751081015034688e-07
1328.832 -1.8078126485561266e-07
1337.249 -2.567486589736352e-07
1345.665 -2.916361764024855e-07
1354.082 -1.5193991035842005e-07
1362.499 -1.91255747884254e-10
1370.915 3.622271131594574e-10
1379.332 2.3513017275102997e-10
1387.749 4.712854560271061e-10
1396.165 4.264789012026674e-11
1404.582 -2.3775617414923667e-09
1412.999 -4.096502403338426e-08
1421.415 -1.052090697352419e-07
1429.832 -1.1141643508683577e-07
1438.248 -8.804238571666324e-08
1446.665 2.0313428988491786e-08
1455.082 -2.0565972098042497e-08
1463.498 -2.5371951061225624e-08
1471.915 -2.3895052864326117e-08
1480.332 -4.773080970750044e-08
1488.748 -2.1011802770233965e-08
1497.165 -2.298989774672537e-09
1505.581 5.654931942600137e-09
1513.998 -6.7488412803466416e-09
1522.415 -6.596008472262447e-09
1530.831 -4.0917244386797845e-09
1539.248 -4.3382778535622175e-09
1547.665 -4.169689966846601e-09
1556.081 -3.4863554769095404e-09
1564.498 -3.1791169299277766e-09
1572.914 -4.887010339281518e-09
1581.331 -4.807794484668246e-09
1589.748 -4.314030827260138e-09
1598.164 -6.467095204435432e-09
1606.581 -2.835477014654311e-08
1614.998 -6.398559448568332e-08
1623.414 -2.8458625262659023e-07
1631.831 -8.493410477578059e-07
1640.247 -1.1327300979875947e-06
1648.664 -1.1585512675726177e-06
1657.081 -7.941222909368331e-07
1665.497 -2.200579317618138e-06
1673.914 -7.43356686009298e-07
1682.331 -6.310819274140788e-07
1690.747 -7.485731006183334e-07
1699.164 -9.461453451698038e-07
1707.58 -1.1223910663865192e-06
1715.997 -4.977654802527386e-07
1724.414 -9.729439939585176e-07
1732.83 -8.000073080092531e-07
1741.247 -4.326232704710436e-07
1749.664 -2.450166111474395e-07
1758.08 -1.649767495557794e-07
1766.497 -3.425179025496659e-07
1774.913 -5.29541467758756e-07
1783.33 -3.24749835912165e-07
1791.747 -6.278490594392322e-07
1800.163 -1.7863098477142822e-07
1808.58 -1.4819490104207673e-07
1816.997 -1.0934614096402462e-07
1825.413 -1.2764031793163296e-09
1833.83 4.539628122289079e-10
1842.246 8.056255373955875e-10
1850.663 3.545198252671758e-10
1859.08 4.5376930470002407e-10
1867.496 6.142714538797016e-10
1875.913 3.671224812079806e-11
1884.33 5.211507469986195e-10
1892.746 7.158173054913864e-10
1901.163 5.55272745665095e-10
1909.579 5.147581456531635e-10
1917.996 1.1067826258595976e-09
1926.413 2.495492868056815e-10
1934.829 -5.770290766153193e-09
1943.246 -2.2543209288274762e-08
1951.663 -3.915836691946013e-08
1960.079 -2.137967955266641e-08
1968.496 -3.579314453447406e-08
1976.913 -2.2190118215312622e-08
1985.329 -1.496553868335871e-08
1993.746 -1.5430017503781943e-08
2002.162 -2.1068803210209968e-08
2010.579 -1.9976015605576856e-08
2018.996 -2.3867929298501782e-08
2027.412 -1.1307124481551361e-08
2035.829 -6.896970192102124e-09
2044.246 8.971487515572669e-10
2052.662 5.5202409480006e-09
2061.079 -8.773749634522409e-09
2069.495 -8.604730274186234e-09
2077.912 -1.122732889591922e-08
2086.329 -8.35687718903584e-09
2094.745 -5.5100445403037594e-09
2103.162 -5.573938905356222e-09
2111.579 3.823152087236793e-08
2119.995 4.06604293196572e-09
2128.412 -5.2396698308114844e-08
2136.828 -1.431002539237381e-07
2145.245 -2.9170925901206924e-07
2153.662 -5.439790381907086e-07
2162.078 -8.512171795228364e-07
2170.495 -9.464599412175469e-07
2178.912 -7.487826168915848e-07
2187.328 -4.050612210733218e-07
2195.745 -2.33170253693547e-06
2204.161 -4.400002421517637e-06
2212.578 -1.2574674925239624e-06
2220.995 -2.2621475560453002e-06
2229.411 -3.455126148243968e-06
2237.828 -4.631209305188783e-06
2246.245 -5.969248024656077e-06
2254.661 -6.581528871262792e-06
2263.078 -7.408547053341072e-06
2271.494 -6.862063046437256e-06
2279.911 -7.0972585674236655e-06
2288.328 -8.534586144393687e-06
2296.744 -1.1330125479310067e-05
2305.161 -8.912603022319494e-06
2313.578 -5.956735111811345e-06
2321.994 -1.0277987339296838e-05
2330.411 -6.844197499777822e-06
2338.827 -1.0939844682118048e-05
2347.244 -1.4183374742543965e-05
2355.661 -1.0163961102600757e-05
2364.077 -6.3453226487413665e-06
2372.494 -1.4118618517859047e-05
2380.911 -6.9164920959960925e-06
2389.327 -6.491076106241165e-06
2397.744 -5.970226775616368e-06
2406.16 -4.475115424141698e-06
2414.577 -2.1317592096408357e-06
2422.994 -2.9135607565530544e-06
2431.41 -2.1840284983040353e-06
2439.827 -1.4332715596478243e-06
2448.244 -1.2227015893316283e-06
2456.66 -8.673578185436177e-07
2465.077 -4.520744045227929e-07
2473.494 -3.616955205473644e-07
2481.91 -2.1073283584338e-07
2490.327 -1.5216475995007396e-07
2498.743 -2.2639815487454187e-07
