1009.0 0.0
1017.417 0.0
1025.834 0.0
1034.25 0.0
1042.667 0.0
1051.084 0.0
1059.5 0.0
1067.917 -1.734868141401726e-16
1076.333 -4.127898957930797e-12
1084.75 -1.233843617597976e-09
1093.167 -6.082917952622638e-09
1101.583 -2.6346827145280646e-09
1110.0 -2.3960762433198962e-08
1118.417 -4.711507605951631e-08
1126.833 -1.405744069071773e-07
1135.25 -1.743752200876523e-07
1143.666 -1.3512791771065949e-07
1152.083 -2.8913680577309513e-07
1160.5 -4.0193561245680437e-07
1168.916 -3.025500749920466e-07
1177.333 -1.9877735069664522e-07
1185.75 -1.2792199456825246e-07
1194.166 -5.150045043988399e-08
1202.583 -2.5210170078613307e-08
1210.999 -1.374656377148543e-08
1219.416 -5.381593627168874e-09
1227.833 -4.8007934023107305e-09
1236.249 -3.875824899130299e-09
1244.666 -6.814826752301423e-10
1253.083 -2.6785530698976995e-11
1261.499 -1.8591736261831648e-10
1269.916 -5.935719823226759e-10
1278.332 -4.2905260651952893e-10
1286.749 -1.0704591524155353e-09
1295.166 -6.411112481091729e-10
1303.582 -1.1578475234573179e-08
1311.999 -7.785282332169697e-08
1320.416 -1.0555857397333118e-07
1328.832 -1.6432303092524443e-07
1337.249 -2.39403400433554e-07
1345.665 -2.8650977789274337e-07
1354.082 -1.4822977602049693e-07
1362.499 6.811233309887231e-11
1370.915 5.02203319873507e-10
1379.332 3.859848593868621e-10
1387.749 1.7623930344258482e-10
1396.165 5.23095950741593e-11
1404.582 -2.289838412760573e-09
1412.999 -3.079350356231308e-08
1421.415 -9.222347157852355e-08
1429.832 -1.0311108048263261e-07
1438.248 -8.741002464928557e-08
1446.665 -3.210632041762706e-08
1455.082 -1.8958852156151785e-08
1463.498 1.389089557483401e-08
1471.915 -2.663010259093854e-08
1480.332 -5.901424782332408e-08
1488.748 -4.0389318601505625e-08
1497.165 -1.0880395603640108e-08
1505.581 1.7988198067221457e-08
1513.998 7.1736205044976135e-09
1522.415 -4.3481477795261196e-09
1530.831 -4.427090752921192e-09
1539.248 -3.258990964629184e-09
1547.665 -3.799644987349785e-09
1556.081 -3.321615996322683e-09
1564.498 -2.2247488472655053e-09
1572.914 -3.936112082046901e-09
1581.331 -3.3148959171751627e-09
1589.748 -4.177101329936668e-09
1598.164 -6.549833419331026e-09
1606.581 -2.2709336197225057e-08
1614.998 -5.917065531688512e-08
1623.414 -2.741419853367023e-07
1631.831 -7.760280703855407e-07
1640.247 -9.80172786096448e-07
1648.664 -1.0056257923518678e-06
1657.081 -6.854142689827923e-07
1665.497 -1.7684503640366459e-06
1673.914 -6.44563439777277e-07
1682.331 -5.462538670185863e-07
1690.747 -6.82732098127609e-07
1699.164 -9.371101733454466e-07
1707.58 -1.173005617920221e-06
1715.997 -4.92070858093502e-07
1724.414 -9.792628723238477e-07
1732.83 -8.036087512434195e-07
1741.247 -4.251493444432552e-07
1749.664 -2.453807999673694e-07
1758.08 -1.6530339765696137e-07
1766.497 -3.4337342692307297e-07
1774.913 -5.785576722840935e-07
1783.33 -3.2654159560453003e-07
1791.747 -6.42991971338407e-07
1800.163 -1.746477768481076e-07
1808.58 -1.4554933917891839e-07
1816.997 -1.0035015065231124e-07
1825.413 -7.077169623980853e-10
1833.83 9.207831303344658e-10
1842.246 7.869300851669913e-10
1850.663 1.102920761884174e-09
1859.08 1.5278137916709454e-09
1867.496 6.715281319850079e-10
1875.913 9.200482319130896e-10
1884.33 8.00276420988132e-10
1892.746 5.297626656268293e-10
1901.163 1.5851664329095436e-10
1909.579 9.51670279093878e-10
1917.996 1.1280897964294057e-09
1926.413 2.533305655987086e-10
1934.829 -4.108347238842218e-09
1943.246 -5.765123963540169e-09
1951.663 -7.418991306866604e-09
1960.079 -1.5449546810686734e-08
1968.496 -2.1424046440847147e-08
1976.913 -1.0545458193247718e-08
1985.329 -1.149867900680583e-08
1993.746 -6.290529880485332e-09
2002.162 1.059094307002882e-08
2010.579 1.324870160384791e-08
2018.996 2.3123711658527253e-08
2027.412 -9.326519077057744e-09
2035.829 -7.075825894010761e-09
2044.246 -9.900217526743865e-09
2052.662 -9.332990861669541e-09
2061.079 -8.713549928280365e-09
2069.495 -7.822918986259742e-09
2077.912 -8.836468569539313e-09
2086.329 -7.78815683614622e-09
2094.745 -7.305302142188714e-09
2103.162 -9.92052036030314e-09
2111.579 9.712231723508869e-09
2119.995 -2.42467745208603e-08
2128.412 -5.167100489463367e-08
2136.828 -1.3683675523465233e-07
2145.245 -2.737241055901279e-07
2153.662 -5.033752850122344e-07
2162.078 -8.152141575715012e-07
2170.495 -8.889092979664919e-07
2178.912 -6.796491871602671e-07
2187.328 -4.0819175812474617e-07
2195.745 -1.976866361058828e-06
2204.161 -4.083405022636064e-06
2212.578 -1.1190929426707495e-06
2220.995 -2.0149319130432665e-06
2229.411 -3.1133759903305326e-06
2237.828 -4.226618843216402e-06
2246.245 -5.58492607658818e-06
2254.661 -6.130583412510138e-06
2263.078 -6.672811432531165e-06
2271.494 -6.0083829772595795e-06
2279.911 -6.132878635490671e-06
2288.328 -7.520267502251348e-06
2296.744 -1.0307245881716739e-05
2305.161 -7.856327467272016e-06
2313.578 -4.538291999008415e-06
2321.994 -8.856995587230065e-06
2330.411 -6.28485926396132e-06
2338.827 -9.983297827012654e-06
2347.244 -1.269866303945213e-05
2355.661 -8.625336034887048e-06
2364.077 -5.450444940294122e-06
2372.494 -1.1736016020928998e-05
2380.911 -6.082507036616888e-06
2389.327 -5.813093263391524e-06
2397.744 -5.372455170607823e-06
2406.16 -3.941669243356653e-06
2414.577 -1.953399327657373e-06
2422.994 -2.714756264235113e-06
2431.41 -2.0774952565463474e-06
2439.827 -1.3458109114096675e-06
2448.244 -1.1594013994360887e-06
2456.66 -8.024108622988392e-07
2465.077 -3.343696769872246e-07
2473.494 -3.2042768241259756e-07
2481.91 -2.100772388383065e-07
2490.327 -1.5624694451539791e-07
2498.743 -2.427849095245747e-07
