1009.0 0.0
1017.417 0.0
1025.834 -2.7856504981504603e-19
1034.25 -1.442892405742461e-14
1042.667 -3.4696156399174517e-12
1051.084 -3.866151348112866e-12
1059.5 -3.569404575149546e-14
1067.917 -3.824651852213656e-12
1076.333 -1.1312696016172345e-11
1084.75 -1.2670307595181174e-09
1093.167 -4.960432912869272e-09
1101.583 -1.030212022847208e-09
1110.0 -1.9284358110518927e-08
1118.417 -7.060885448895052e-08
1126.833 -1.3560521096169193e-07
1135.25 -1.2228460767319885e-07
1143.666 -1.0948065750399282e-07
1152.083 -3.411878602927744e-07
1160.5 -4.0077094758216194e-07
1168.916 -2.6124506603196086e-07
1177.333 -1.664202602796435e-07
1185.75 -1.0967221245142137e-07
1194.166 -6.250715179369408e-08
1202.583 -4.089398506491498e-08
1210.999 -1.437006456395638e-08
1219.416 -5.568999319120981e-09
1227.833 -4.672091139157752e-09
1236.249 -2.6964939592557326e-09
1244.666 -9.632757501723628e-10
1253.083 -1.7691606025534284e-10
1261.499 -2.0626249508504274e-10
1269.916 -7.509773216575264e-10
1278.332 -4.889729854557257e-10
1286.749 -2.957756066202902e-10
1295.166 -8.901197974487592e-10
1303.582 -5.9134796563921685e-09
1311.999 -6.310559245656246e-08
1320.416 -1.2245361570923776e-07
1328.832 -1.6942675197001157e-07
1337.249 -2.4050761690128097e-07
1345.665 -2.9582466472720244e-07
1354.082 -1.485338109666338e-07
1362.499 -1.543718075646525e-10
1370.915 1.3125991702455803e-10
1379.332 1.9667002132384324e-10
1387.749 5.543510571188921e-10
1396.165 1.0870159842352126e-10
1404.582 -2.777069670158101e-09
1412.999 -2.6868825127135262e-08
1421.415 -9.456758596581592e-08
1429.832 -9.54225983466242e-08
1438.248 1.1051436420964535e-08
1446.665 -5.7509157389359555e-08
1455.082 -2.7351970017696536e-08
1463.498 -2.6330133115418212e-08
1471.915 -2.3741841733449608e-08
1480.332 -1.9204086024373024e-08
1488.748 -1.1454162667121068e-08
1497.165 -4.883619817126182e-09
1505.581 -1.772830513450707e-08
1513.998 -4.910987922855263e-09
1522.415 -5.214419045152604e-09
1530.831 -3.0310944008858727e-09
1539.248 -2.4248948632701428e-09
1547.665 -1.6078383986599064e-09
1556.081 -2.2670561959932296e-09
1564.498 -2.7549603626896598e-09
1572.914 -1.2407678662165494e-09
1581.331 -3.397935697661856e-09
1589.748 -2.7807304133995375e-09
1598.164 -5.081336234458938e-09
1606.581 -1.0364433068354993e-08
1614.998 -6.042555045454031e-08
1623.414 -2.782928622883976e-07
1631.831 -7.999959700897686e-07
1640.247 -1.0248270872641417e-06
1648.664 -9.9948648039592e-07
1657.081 -6.840803345801435e-07
1665.497 -1.866265229944853e-06
1673.914 -6.558192513955971e-07
1682.331 -5.671990923928359e-07
1690.747 -6.776056309910284e-07
1699.164 -9.25584620943065e-07
1707.58 -1.165930849168996e-06
1715.997 -5.008115737291449e-07
1724.414 -9.924399891360304e-07
1732.83 -8.011338844901281e-07
1741.247 -4.320737730086145e-07
1749.664 -2.45086683532818e-07
1758.08 -1.9767347713779877e-07
1766.497 -3.502691335224902e-07
1774.913 -5.899551860062176e-07
1783.33 -3.332824106412922e-07
1791.747 -6.335045724160614e-07
1800.163 -1.707513443650241e-07
1808.58 -1.4458965072286218e-07
1816.997 -1.0080219027629172e-07
1825.413 -7.835155018611149e-10
1833.83 6.968507219861056e-10
1842.246 3.5952342013650646e-10
1850.663 3.9199627064678614e-10
1859.08 3.5034804533348796e-10
1867.496 2.6052842417255044e-10
1875.913 7.716770110122905e-10
1884.33 9.176930592303412e-10
1892.746 7.419445235139258e-10
1901.163 8.135977551990074e-10
1909.579 2.5168114526261267e-10
1917.996 9.640822368173391e-10
1926.413 4.2145847034877137e-10
1934.829 -6.647369767565077e-09
1943.246 -1.9775715391415698e-08
1951.663 -2.7915994812514255e-08
1960.079 -1.9928982300142178e-08
1968.496 -2.379765040708575e-08
1976.913 -1.6906717983831547e-08
1985.329 -1.3868847777217669e-08
1993.746 -9.737138681206545e-09
2002.162 -2.3544265257483174e-08
2010.579 1.022719827362126e-08
2018.996 1.994833168083728e-08
2027.412 -6.888082850099695e-09
2035.829 -1.104468149832809e-08
2044.246 -1.1668989126695535e-08
2052.662 -1.2695349769193466e-08
2061.079 -1.090315417855867e-08
2069.495 -1.1996751227127152e-08
2077.912 -1.1512901917064798e-08
2086.329 -1.1005080226789405e-08
2094.745 -1.0127864914679067e-08
2103.162 -1.33855527216988e-08
2111.579 -2.2537939781872774e-08
2119.995 -1.6802498530291985e-08
2128.412 -5.4252334047653374e-08
2136.828 -1.4388913083764805e-07
2145.245 -2.7566603492714336e-07
2153.662 -5.266653664344141e-07
2162.078 -8.049481884225832e-07
2170.495 -8.724155082067554e-07
2178.912 -6.751703002732791e-07
2187.328 -3.528075256935431e-07
2195.745 -2.0402971969788734e-06
2204.161 -4.1116642198680155e-06
2212.578 -1.1557129852490796e-06
2220.995 -2.0418227313553295e-06
2229.411 -3.1944515332996632e-06
2237.828 -4.349665874710693e-06
2246.245 -5.607734581218317e-06
2254.661 -6.254381135553514e-06
2263.078 -6.878947742360496e-06
2271.494 -6.249621010057612e-06
2279.911 -6.3397976964231785e-06
2288.328 -7.745783747324631e-06
2296.744 -1.0405364474213966e-05
2305.161 -8.003803739716942e-06
2313.578 -4.838179326390921e-06
2321.994 -9.163866885039437e-06
2330.411 -6.406649002465281e-06
2338.827 -1.025304740717382e-05
2347.244 -1.308374348497977e-05
2355.661 -9.047248980482019e-06
2364.077 -5.697282799736791e-06
2372.494 -1.2106365703591847e-05
2380.911 -6.18714056212545e-06
2389.327 -6.0750629606402866e-06
2397.744 -5.541852973240884e-06
2406.16 -4.037616114356826e-06
2414.577 -2.000054964984294e-06
2422.994 -2.7689661583175297e-06
2431.41 -2.0786751595632734e-06
2439.827 -1.3530491180239781e-06
2448.244 -1.1709805962154411e-06
2456.66 -8.264527288607655e-07
2465.077 -4.519531701515438e-07
2473.494 -3.3169968177302095e-07
2481.91 -2.1598873681589253e-07
2490.327 -1.5023300500860735e-07
2498.743 -1.7921118062481472e-07
