1009.0 -3.3906948373745976e-20
1017.417 -2.6021463692576673e-17
1025.834 -2.4976026859169446e-13
1034.25 -1.687175332346224e-11
1042.667 -2.969773253382709e-11
1051.084 -4.7720702833293415e-11
1059.5 -5.877330187119526e-11
1067.917 -3.1310078278499446e-11
1076.333 -5.160817922469402e-11
1084.75 -6.499257399249475e-10
1093.167 -4.206329074948191e-09
1101.583 -3.989441297731215e-09
1110.0 -2.3166212927353765e-08
1118.417 -6.427620241855584e-08
1126.833 -1.6641324972964937e-07
1135.25 -1.587151816543163e-07
1143.666 -1.3888010882580435e-07
1152.083 -3.9043100804835773e-07
1160.5 -4.7270371500967435e-07
1168.916 -3.5711064498939235e-07
1177.333 -1.765347025333392e-07
1185.75 -1.1418924538622338e-07
1194.166 -7.01403832500422e-08
1202.583 -3.8092278731659487e-08
1210.999 -1.5263676123843714e-08
1219.416 -4.427402367305919e-09
1227.833 -4.421401925140789e-09
1236.249 -3.6330763194205006e-09
1244.666 -1.459429768164422e-09
1253.083 -4.429084297997583e-10
1261.499 -2.6921731382510606e-10
1269.916 -2.51248772357864e-10
1278.332 -2.8741194887527595e-10
1286.749 -2.7492386076139907e-10
1295.166 -4.997605001291146e-10
1303.582 -1.2511539396988497e-08
1311.999 -7.714549733973189e-08
1320.416 -1.1408446692962459e-07
1328.832 -1.8424194811025022e-07
1337.249 -2.7253156648423093e-07
1345.665 -3.362867791922596e-07
1354.082 -1.9232188410782917e-07
1362.499 -2.620287859334929e-10
1370.915 7.673176593487327e-11
1379.332 8.580373723524533e-11
1387.749 1.2584068989878745e-10
1396.165 -7.063910336732115e-12
1404.582 -3.6414611180718957e-09
1412.999 -5.727947475315156e-08
1421.415 -1.5012870618756623e-07
1429.832 -1.3332486638250047e-07
1438.248 -6.71689646863145e-08
1446.665 -5.221542238188089e-08
1455.082 -3.3441327685677495e-08
1463.498 -2.7474631904777894e-08
1471.915 -3.249543773114508e-08
1480.332 -2.5922830036391608e-08
1488.748 -1.2634107866369082e-08
1497.165 -6.438507863671859e-09
1505.581 -5.304792652366251e-09
1513.998 -3.5787152048817474e-09
1522.415 -1.982027499589608e-09
1530.831 -1.4004377403525016e-09
1539.248 -9.766812078729311e-10
1547.665 -8.874835826282823e-10
1556.081 -9.861182417056507e-10
1564.498 -8.28933187204681e-10
1572.914 -8.300041036316601e-10
1581.331 -6.981991785269405e-10
1589.748 -8.9971365747889e-10
1598.164 -3.935969056055448e-09
1606.581 -2.361649943749864e-08
1614.998 -6.955569170966383e-08
1623.414 -2.7568272777280484e-07
1631.831 -7.539006634475766e-07
1640.247 -8.470834704061326e-07
1648.664 -8.536000811298442e-07
1657.081 -6.187803049289801e-07
1665.497 -1.487386938785324e-06
1673.914 -5.648024676779245e-07
1682.331 -5.136798260856103e-07
1690.747 -6.884082553967472e-07
1699.164 -9.422872802275524e-07
1707.58 -1.2070340762643816e-06
1715.997 -5.07353196556097e-07
1724.414 -9.863919121882457e-07
1732.83 -8.134896066635682e-07
1741.247 -4.4828992401315224e-07
1749.664 -2.465725845103561e-07
1758.08 -1.691167976147397e-07
1766.497 -3.560562365886086e-07
1774.913 -6.02828177836785e-07
1783.33 -3.6590499167010774e-07
1791.747 -6.640455099005649e-07
1800.163 -1.5776397442442695e-07
1808.58 -1.5596877422210637e-07
1816.997 -1.1134429662785328e-07
1825.413 -9.642752111978612e-10
1833.83 8.605007214423098e-10
1842.246 7.752689849152306e-10
1850.663 8.27820430504062e-10
1859.08 1.0376553593752217e-09
1867.496 9.558807969708696e-10
1875.913 9.551342096059222e-10
1884.33 1.358795547838292e-09
1892.746 1.3596420202583618e-09
1901.163 1.1601704018993712e-09
1909.579 1.0366260613337526e-09
1917.996 1.5185324700232336e-09
1926.413 1.7221176075101036e-09
1934.829 1.4330989139651825e-09
1943.246 -1.8811219533084445e-09
1951.663 1.973601253597893e-09
1960.079 4.18050328097952e-09
1968.496 1.896261772689841e-09
1976.913 4.3632202487578955e-09
1985.329 6.115482051589374e-09
1993.746 9.814434968423349e-09
2002.162 1.084257941801004e-08
2010.579 1.072488001230388e-08
2018.996 1.2251753842852112e-08
2027.412 1.2998181578900487e-08
2035.829 1.252409511083675e-08
2044.246 1.3042493019818095e-08
2052.662 1.2435239809797455e-08
2061.079 1.1851340247521184e-08
2069.495 1.339284376622155e-08
2077.912 1.3093404401983338e-08
2086.329 1.3734953794293045e-08
2094.745 1.2865673271718732e-08
2103.162 1.225571307837582e-08
2111.579 7.33635100992498e-09
2119.995 -3.2362307238682845e-09
2128.412 -3.2352962709582184e-08
2136.828 -1.1716073839868139e-07
2145.245 -2.7841950260902476e-07
2153.662 -5.43204887801268e-07
2162.078 -7.962364511091106e-07
2170.495 -8.661087438687603e-07
2178.912 -6.523346665811804e-07
2187.328 -3.7678250607628426e-07
2195.745 -1.856778367986273e-06
2204.161 -3.830860855220124e-06
2212.578 -1.1176758667538443e-06
2220.995 -1.9661984150820324e-06
2229.411 -2.955576406472648e-06
2237.828 -4.107628466581772e-06
2246.245 -5.104908851402131e-06
2254.661 -5.5342872793549735e-06
2263.078 -5.991803761357087e-06
2271.494 -5.248782330836562e-06
2279.911 -5.375800133008753e-06
2288.328 -6.738253395533737e-06
2296.744 -9.128354305759254e-06
2305.161 -7.0812031198290615e-06
2313.578 -3.684042254774642e-06
2321.994 -7.97942296329703e-06
2330.411 -5.806781212089574e-06
2338.827 -9.207831102735406e-06
2347.244 -1.1723901657432114e-05
2355.661 -7.567926813961677e-06
2364.077 -4.6117111389269215e-06
2372.494 -1.0083888892453308e-05
2380.911 -5.82411434087428e-06
2389.327 -5.401405960027245e-06
2397.744 -5.082444953034566e-06
2406.16 -3.8008573159370846e-06
2414.577 -2.0320549837688584e-06
2422.994 -2.864862433467618e-06
2431.41 -2.048006721061939e-06
2439.827 -1.3817856056187072e-06
2448.244 -1.3260373837594729e-06
2456.66 -9.003594008298665e-07
2465.077 -5.478818720701937e-07
2473.494 -4.916762121563275e-07
2481.91 -3.11289929268193e-07
2490.327 -2.48688897817329e-07
2498.743 -2.675408562574882e-07
