1009.0 0.0
1017.417 0.0
1025.834 0.0
1034.25 0.0
1042.667 0.0
1051.084 0.0
1059.5 0.0
1067.917 -4.563285776192355e-16
1076.333 -9.366172923896028e-12
1084.75 -1.4827045172228459e-09
1093.167 -5.071944675079311e-09
1101.583 -5.840669100761057e-09
1110.0 -9.107169339515675e-09
1118.417 -3.372165519170555e-08
1126.833 -1.6184370628896947e-07
1135.25 -1.7410321951356397e-07
1143.666 -1.1941722776919424e-07
1152.083 -3.2410914077149996e-07
1160.5 -4.031797408431243e-07
1168.916 -3.000921626895213e-07
1177.333 -1.4259387858909614e-07
1185.75 -1.0657456259141362e-07
1194.166 -7.394568420455573e-08
1202.583 -1.3907333011149363e-08
1210.999 -5.89332084661184e-09
1219.416 -4.499385013562443e-09
1227.833 -4.33917913712521e-09
1236.249 -2.176336536587703e-09
1244.666 -7.116702054854601e-10
1253.083 -1.2700720177281522e-10
1261.499 -5.17803456513068e-10
1269.916 -1.3633630573988643e-10
1278.332 -5.92458339254822e-10
1286.749 -5.109286315846445e-10
1295.166 -5.566608335529277e-10
1303.582 -1.2487485772316011e-08
1311.999 -7.910984798258379e-08
1320.416 -1.19959528363444e-07
1328.832 -1.7204167488068743e-07
1337.249 -2.450483128035824e-07
1345.665 -2.8535271778542777e-07
1354.082 -1.4573945804531986e-07
1362.499 -1.4650988424078706e-10
1370.915 1.4316651381651231e-10
1379.332 4.896894000080504e-10
1387.749 4.2822603998988086e-10
1396.165 1.0614136785314309e-10
1404.582 -3.068714433405888e-09
1412.999 -8.320517810980315e-08
1421.415 -1.1635078466870423e-07
1429.832 -1.5015313823583582e-07
1438.248 -5.943371494157215e-08
1446.665 -9.78250574647194e-08
1455.082 -3.0078795427044245e-08
1463.498 -2.0104919281571908e-08
1471.915 -2.504329886332156e-08
1480.332 -5.907361730292622e-10
1488.748 2.7383491838477483e-08
1497.165 -5.93210800813649e-09
1505.581 7.783909729541184e-09
1513.998 -5.571965844628821e-09
1522.415 -5.037640105136814e-09
1530.831 -2.6167689317488727e-09
1539.248 -2.2430024246485204e-09
1547.665 -2.728976671066998e-09
1556.081 -2.7007231444791215e-09
1564.498 -4.379877473378844e-09
1572.914 -1.8358313966041127e-09
1581.331 -3.0438260259958136e-09
1589.748 -3.883992375693573e-09
1598.164 -8.530980057183388e-09
1606.581 -2.9768373075038866e-08
1614.998 -7.147520831542174e-08
1623.414 -2.8278749108037756e-07
1631.831 -8.339699851834727e-07
1640.247 -1.0407886376190553e-06
1648.664 -1.0354172799631321e-06
1657.081 -7.383360452372304e-07
1665.497 -1.9164392710545847e-06
1673.914 -6.656314754155557e-07
1682.331 -5.98364390461994e-07
1690.747 -7.254408435238953e-07
1699.164 -9.262179978987376e-07
1707.58 -1.1901885411170408e-06
1715.997 -5.133565171500796e-07
1724.414 -9.723974440179463e-07
1732.83 -7.942036225937891e-07
1741.247 -4.300271837246969e-07
1749.664 -2.467246853249467e-07
1758.08 -1.7318280323058685e-07
1766.497 -3.1904154489191544e-07
1774.913 -5.422731550156999e-07
1783.33 -3.449955080337545e-07
1791.747 -6.27786941859766e-07
1800.163 -1.4791724722124038e-07
1808.58 -1.4339488774046928e-07
1816.997 -1.0162927268729633e-07
1825.413 -1.0482271464917501e-09
1833.83 5.636808108474828e-10
1842.246 4.2161104514705934e-11
1850.663 6.556350423348605e-10
1859.08 3.203523023626533e-10
1867.496 8.585931159946152e-10
1875.913 5.395178319829448e-10
1884.33 9.246076585036613e-10
1892.746 1.175192049601703e-09
1901.163 5.033498746286285e-10
1909.579 8.738740921343967e-10
1917.996 1.2477437473285419e-09
1926.413 7.457597173023534e-10
1934.829 -4.101034576275695e-09
1943.246 -1.6982373532925558e-08
1951.663 -2.0664865381123275e-08
1960.079 -1.0123636597138366e-09
1968.496 3.8917787222394145e-08
1976.913 -1.4840118469351106e-08
1985.329 -9.244947379258909e-09
1993.746 -5.772091033793584e-09
2002.162 -2.574078274534589e-09
2010.579 -1.3684725880669463e-08
2018.996 -1.6288788528281485e-08
2027.412 -7.933802888746044e-09
2035.829 -7.389344356833936e-09
2044.246 -7.271301572293731e-09
2052.662 -8.17285114632639e-09
2061.079 -7.164641327149063e-09
2069.495 -6.6082168418200324e-09
2077.912 -9.290057559471622e-09
2086.329 -1.0422909587061005e-08
2094.745 -1.2457229807568776e-08
2103.162 -1.0109428402521955e-08
2111.579 -1.840799530265966e-08
2119.995 -4.83654372234292e-08
2128.412 -5.1290020075776445e-08
2136.828 -1.31286343928861e-07
2145.245 -2.855613735103443e-07
2153.662 -5.199482220087503e-07
2162.078 -8.070277305402722e-07
2170.495 -8.984299549602477e-07
2178.912 -7.377244884349288e-07
2187.328 -3.643292461195446e-07
2195.745 -2.1183359750393915e-06
2204.161 -4.234144953469203e-06
2212.578 -1.1760306604120272e-06
2220.995 -2.122417420855203e-06
2229.411 -3.2460473816115927e-06
2237.828 -4.480476805058189e-06
2246.245 -5.681949704350775e-06
2254.661 -6.3374163931085474e-06
2263.078 -7.051387791016368e-06
2271.494 -6.370112619338693e-06
2279.911 -6.544281819026402e-06
2288.328 -7.995938088469194e-06
2296.744 -1.0782473765931687e-05
2305.161 -8.306828096270881e-06
2313.578 -5.154990603942635e-06
2321.994 -9.542985946236417e-06
2330.411 -6.633993246969983e-06
2338.827 -1.0645307563482851e-05
2347.244 -1.3444626678902958e-05
2355.661 -9.302314513505173e-06
2364.077 -5.8926858074933e-06
2372.494 -1.2601541921459838e-05
2380.911 -6.447439944839333e-06
2389.327 -6.239358579962378e-06
2397.744 -5.600883787541929e-06
2406.16 -4.134258292365277e-06
2414.577 -2.0056070946698527e-06
2422.994 -2.7451030192264236e-06
2431.41 -2.0498062957498045e-06
2439.827 -1.3554854790506095e-06
2448.244 -1.1652904116854607e-06
2456.66 -8.283733597088931e-07
2465.077 -5.695452456953366e-07
2473.494 -4.153587165554763e-07
2481.91 -2.2157552210280318e-07
2490.327 -1.5010593120237957e-07
2498.743 -2.4803033953753965e-07
