1009.0 -2.310004508916172e-15
1017.417 -9.784689986742831e-13
1025.834 -1.3753538493841496e-11
1034.25 -3.1507495685492294e-11
1042.667 -4.993405763007452e-11
1051.084 -7.682559446827688e-11
1059.5 -1.120804395631651e-10
1067.917 -1.1814023597458475e-10
1076.333 -1.3491559677869457e-10
1084.75 -6.506875462785208e-10
1093.167 -4.192312375577958e-09
1101.583 -4.050143568114913e-09
1110.0 -2.453908475062952e-08
1118.417 -7.25556426645434e-08
1126.833 -1.9132080092506862e-07
1135.25 -1.8502907779724718e-07
1143.666 -1.6727860627386272e-07
1152.083 -4.287679359580855e-07
1160.5 -5.249765749161864e-07
1168.916 -3.952476915178607e-07
1177.333 -2.201817008608173e-07
1185.75 -1.4705026819645037e-07
1194.166 -8.703576073495927e-08
1202.583 -4.3048931909035665e-08
1210.999 -1.490724250672806e-08
1219.416 -4.6684276912190624e-09
1227.833 -4.489497843682164e-09
1236.249 -3.70858921123918e-09
1244.666 -1.4398298328775711e-09
1253.083 -4.346408451869057e-10
1261.499 -3.9184088384528045e-10
1269.916 -4.6014482290833595e-10
1278.332 -3.8636104088223634e-10
1286.749 -4.325580028278328e-10
1295.166 -7.165050148670531e-10
1303.582 -1.4280332558383221e-08
1311.999 -9.004447560386065e-08
1320.416 -1.2453368529139036e-07
1328.832 -2.144665329772236e-07
1337.249 -3.081401430734308e-07
1345.665 -3.7634439523354636e-07
1354.082 -2.1452508049975563e-07
1362.499 -2.924675136350573e-10
1370.915 1.0797325895223684e-10
1379.332 5.814585310369854e-11
1387.749 7.054608060619858e-11
1396.165 -3.979702878344547e-11
1404.582 -4.263809101615479e-09
1412.999 -6.57112659022147e-08
1421.415 -1.697965986569032e-07
1429.832 -1.572484509623973e-07
1438.248 -8.095261599666755e-08
1446.665 -5.67519457742188e-08
1455.082 -4.1545482079977116e-08
1463.498 -3.2594241999875094e-08
1471.915 -3.8108875063293866e-08
1480.332 -3.3030201598400944e-08
1488.748 -1.4452671042472983e-08
1497.165 -8.248010211078144e-09
1505.581 -6.076211346146335e-09
1513.998 -4.29727547169525e-09
1522.415 -2.5999083320257386e-09
1530.831 -1.7373174788436568e-09
1539.248 -1.5767129669699485e-09
1547.665 -1.4422208048772954e-09
1556.081 -1.4545815802531573e-09
1564.498 -1.32062155766615e-09
1572.914 -1.2713989283910907e-09
1581.331 -1.1929240311923604e-09
1589.748 -1.5150388352706426e-09
1598.164 -4.740576476476495e-09
1606.581 -2.5998160161632707e-08
1614.998 -7.731206279188877e-08
1623.414 -2.853107656232595e-07
1631.831 -8.591080917462612e-07
1640.247 -1.1700746426851117e-06
1648.664 -1.11853885693526e-06
1657.081 -7.611719328784501e-07
1665.497 -2.0144878528784883e-06
1673.914 -7.031261340805497e-07
1682.331 -6.309182456304e-07
1690.747 -8.057553187682024e-07
1699.164 -1.0063771364925171e-06
1707.58 -1.2689432802129796e-06
1715.997 -5.400453348830865e-07
1724.414 -1.0447372753125858e-06
1732.83 -8.66188844937208e-07
1741.247 -4.83071668994005e-07
1749.664 -2.733033466110056e-07
1758.08 -1.9073021171517087e-07
1766.497 -3.8691890102882274e-07
1774.913 -6.554626484810674e-07
1783.33 -4.151314015699398e-07
1791.747 -7.328801169252196e-07
1800.163 -1.988564919759981e-07
1808.58 -1.9111271541943107e-07
1816.997 -1.2754753192920353e-07
1825.413 -1.4909194227426062e-09
1833.83 8.222457526320779e-10
1842.246 7.711551381734623e-10
1850.663 7.088839125924283e-10
1859.08 8.765807918247959e-10
1867.496 9.530414368752647e-10
1875.913 7.706751203539252e-10
1884.33 1.1316927245651798e-09
1892.746 1.1657375356153517e-09
1901.163 9.883318308176737e-10
1909.579 9.986936838437863e-10
1917.996 1.1885882825547232e-09
1926.413 3.2710098698479505e-10
1934.829 -1.7175639613040365e-08
1943.246 -3.535866049297264e-08
1951.663 -3.4454899921865566e-08
1960.079 -3.7749592503975756e-08
1968.496 -4.2526242807914164e-08
1976.913 -4.014955060472559e-08
1985.329 -3.894827090336957e-08
1993.746 -3.64562990245996e-08
2002.162 -3.72777819985794e-08
2010.579 -3.8032561051653435e-08
2018.996 -3.727899291163166e-08
2027.412 -3.71989669484564e-08
2035.829 -3.9223968376152096e-08
2044.246 -4.0111206206505826e-08
2052.662 -4.106201250977706e-08
2061.079 -4.223212213874035e-08
2069.495 -4.0790146740068876e-08
2077.912 -4.149714347369678e-08
2086.329 -4.215003539471158e-08
2094.745 -4.269471647620703e-08
2103.162 -4.477133323794197e-08
2111.579 -5.050087268217164e-08
2119.995 -6.445215733081745e-08
2128.412 -9.298559779446808e-08
2136.828 -1.7909275867039433e-07
2145.245 -3.19201635636771e-07
2153.662 -5.815695422313078e-07
2162.078 -8.811334023723488e-07
2170.495 -9.80087516975621e-07
2178.912 -7.69546731619868e-07
2187.328 -4.4343617894939297e-07
2195.745 -2.2906509020768063e-06
2204.161 -4.480002970490831e-06
2212.578 -1.2266266963579973e-06
2220.995 -2.227660399108509e-06
2229.411 -3.402480438575316e-06
2237.828 -4.729947171274057e-06
2246.245 -6.018217437478774e-06
2254.661 -6.514781103909618e-06
2263.078 -7.3945042669360156e-06
2271.494 -6.629618386107143e-06
2279.911 -6.79757988176322e-06
2288.328 -8.214356022566703e-06
2296.744 -1.110087326618268e-05
2305.161 -8.669504584450685e-06
2313.578 -5.602671393674344e-06
2321.994 -1.0177016467632724e-05
2330.411 -6.81885723008454e-06
2338.827 -1.12570262496444e-05
2347.244 -1.4743481318081024e-05
2355.661 -1.0112466534171107e-05
2364.077 -6.126354958607479e-06
2372.494 -1.3998924603366518e-05
2380.911 -7.535023366574674e-06
2389.327 -7.024378997856237e-06
2397.744 -6.212741242815059e-06
2406.16 -4.659241743935467e-06
2414.577 -2.389613719475749e-06
2422.994 -3.126619324451179e-06
2431.41 -2.2545112114064643e-06
2439.827 -1.4570282227904461e-06
2448.244 -1.3872270581246059e-06
2456.66 -9.273464452067397e-07
2465.077 -5.638211843519366e-07
2473.494 -5.049360389165353e-07
2481.91 -3.223718373048789e-07
2490.327 -2.4995649510012283e-07
2498.743 -2.8935702888329253e-07
