1009.0 0.0
1017.417 0.0
1025.834 2.785650498150417e-19
1034.25 1.4428924057424388e-14
1042.667 3.4696156399173964e-12
1051.084 3.866151348112807e-12
1059.5 3.5694045751494894e-14
1067.917 3.824109451072955e-12
1076.333 -1.1609019385981418e-12
1084.75 -1.244025798093366e-09
1093.167 -5.345721159460028e-09
1101.583 1.323776949171268e-09
1110.0 -1.4237951998249584e-08
1118.417 -7.102585674605075e-08
1126.833 -1.3495669339586737e-07
1135.25 -1.307836778416996e-07
1143.666 -1.2250519179700173e-07
1152.083 -3.391941926604378e-07
1160.5 -4.047391915782948e-07
1168.916 -2.509264509776863e-07
1177.333 -1.7754652534720044e-07
1185.75 -1.1896857572051413e-07
1194.166 -6.572241158903044e-08
1202.583 -4.269125894402492e-08
1210.999 -1.3306382667547246e-08
1219.416 -4.874866391016642e-09
1227.833 -4.2166011118136786e-09
1236.249 -2.860055558781179e-09
1244.666 -9.126806913414227e-10
1253.083 -1.4287262534945685e-10
1261.499 -1.9182885561009238e-10
1269.916 -7.452480030871632e-10
1278.332 -3.5407886584070123e-10
1286.749 -2.8043504644221997e-10
1295.166 -7.143203959029966e-10
1303.582 -9.419513942135383e-09
1311.999 -6.507165322752253e-08
1320.416 -1.2283639250097226e-07
1328.832 -1.7175087973727992e-07
1337.249 -2.4284945652638044e-07
1345.665 -2.996643210392795e-07
1354.082 -1.504868166747148e-07
1362.499 -5.613808928976968e-11
1370.915 2.0149431223406603e-10
1379.332 8.816736712109074e-12
1387.749 4.247205305526824e-10
1396.165 8.568881823062539e-11
1404.582 -2.426660430615559e-09
1412.999 -2.7353365759007196e-08
1421.415 -9.455533781753024e-08
1429.832 -1.0861037381505025e-07
1438.248 -1.4138839229671412e-08
1446.665 -5.543467844873354e-08
1455.082 -2.880022620059658e-08
1463.498 -2.479978768193532e-08
1471.915 -1.9287212104826244e-08
1480.332 -1.802027176184977e-08
1488.748 -1.9115993411352583e-08
1497.165 -6.501178543590656e-09
1505.581 -1.7444108764487153e-08
1513.998 -4.324413747085108e-09
1522.415 -5.487934908938657e-09
1530.831 -3.3028798014602406e-09
1539.248 -2.618293594724542e-09
1547.665 -1.7730658784533059e-09
1556.081 -2.324345956894689e-09
1564.498 -2.563999345744804e-09
1572.914 -1.5078086674220875e-09
1581.331 -3.716304144405149e-09
1589.748 -2.7079905927975122e-09
1598.164 -3.868487894316931e-09
1606.581 -9.549271161341225e-09
1614.998 -6.206058168487256e-08
1623.414 -2.7857990904454677e-07
1631.831 -7.989118972418648e-07
1640.247 -1.01969528417117e-06
1648.664 -1.0248077937312346e-06
1657.081 -6.771720279999819e-07
1665.497 -1.8456120623688372e-06
1673.914 -6.573670713926039e-07
1682.331 -5.620339118841541e-07
1690.747 -6.749051151854046e-07
1699.164 -9.267672053525621e-07
1707.58 -1.1661499910735603e-06
1715.997 -4.972003073767558e-07
1724.414 -9.934703198552633e-07
1732.83 -8.016365647046116e-07
1741.247 -4.3436068614703156e-07
1749.664 -2.4546486404201044e-07
1758.08 -1.9780462945058047e-07
1766.497 -3.503419534613058e-07
1774.913 -5.98720983551222e-07
1783.33 -3.2553626951519176e-07
1791.747 -6.31969949815287e-07
1800.163 -1.7702386907169637e-07
1808.58 -1.4566633372452643e-07
1816.997 -9.955883499058777e-08
1825.413 -8.682202067881028e-10
1833.83 6.96472436018267e-10
1842.246 5.070187830399092e-10
1850.663 4.4284005590241696e-10
1859.08 6.290041011739622e-10
1867.496 3.2634368094503073e-10
1875.913 8.025621298660268e-10
1884.33 8.131838682456074e-10
1892.746 5.372633401607095e-10
1901.163 5.963870065317103e-10
1909.579 5.364727944170261e-11
1917.996 6.910128250251942e-10
1926.413 2.4600258526920796e-10
1934.829 -7.055700794518813e-09
1943.246 -1.9780472524376406e-08
1951.663 -2.3928085918830605e-08
1960.079 -2.2602834508801105e-08
1968.496 -2.1883286677804764e-08
1976.913 -1.111231902805824e-08
1985.329 -1.452322234913896e-08
1993.746 -1.3788155110338762e-08
2002.162 -3.223157471312347e-08
2010.579 1.7862767515005565e-08
2018.996 3.127654593101912e-08
2027.412 -7.667704250559815e-09
2035.829 -1.0521586477041412e-08
2044.246 -1.16786843181487e-08
2052.662 -1.3291944154973323e-08
2061.079 -1.1780064473121215e-08
2069.495 -1.2389266590604677e-08
2077.912 -1.2633848155193635e-08
2086.329 -1.1755764364599794e-08
2094.745 -9.37505426860837e-09
2103.162 -1.469949978805312e-08
2111.579 -2.1837148584222053e-08
2119.995 -1.4438179241000971e-08
2128.412 -5.394972401651051e-08
2136.828 -1.4287847423897387e-07
2145.245 -2.7171091450091217e-07
2153.662 -5.275445440248533e-07
2162.078 -8.120218170959167e-07
2170.495 -8.818842831215452e-07
2178.912 -6.700259140097778e-07
2187.328 -3.646372319998845e-07
2195.745 -2.024631758707853e-06
2204.161 -4.079708244351192e-06
2212.578 -1.1399652561076463e-06
2220.995 -2.0305112252152855e-06
2229.411 -3.183349467502726e-06
2237.828 -4.315260854266569e-06
2246.245 -5.593322780419282e-06
2254.661 -6.22564125671125e-06
2263.078 -6.836929518761572e-06
2271.494 -6.213877305217509e-06
2279.911 -6.312623146771699e-06
2288.328 -7.725520878437624e-06
2296.744 -1.0405299282078764e-05
2305.161 -7.962094466697307e-06
2313.578 -4.774953388490186e-06
2321.994 -9.069245450188251e-06
2330.411 -6.38583774173429e-06
2338.827 -1.0251178018823124e-05
2347.244 -1.3060598924572342e-05
2355.661 -8.991083637216667e-06
2364.077 -5.660698308997792e-06
2372.494 -1.2063761259195265e-05
2380.911 -6.1800924726911324e-06
2389.327 -6.0516613818138305e-06
2397.744 -5.526588532253307e-06
2406.16 -4.014952592268462e-06
2414.577 -1.9905382386275983e-06
2422.994 -2.7757649224039777e-06
2431.41 -2.1043747760826345e-06
2439.827 -1.3526291712358354e-06
2448.244 -1.1686182349117302e-06
2456.66 -8.269419105884261e-07
2465.077 -4.461977988302314e-07
2473.494 -3.3150824356589113e-07
2481.91 -2.1027772031504545e-07
2490.327 -1.5778456384866736e-07
2498.743 -1.8597290665975433e-07
