1009.0 0.0
1017.417 0.0
1025.834 0.0
1034.25 0.0
1042.667 0.0
1051.084 0.0
1059.5 0.0
1067.917 -1.7929899988970414e-16
1076.333 -4.408342869548104e-12
1084.75 -8.571938929479391e-10
1093.167 1.215173232286908e-08
1101.583 1.5088268518359937e-10
1110.0 -8.813206797773388e-09
1118.417 -4.0944744154227545e-08
1126.833 -1.8232271119664714e-07
1135.25 -1.6365601554928196e-07
1143.666 -1.1674954984726807e-07
1152.083 -3.271400091921516e-07
1160.5 -4.152160156601443e-07
1168.916 -3.1058699490575444e-07
1177.333 -2.081791160633181e-07
1185.75 -1.4190043107025778e-07
1194.166 -3.7811723940230304e-08
1202.583 -1.6174930147020185e-08
1210.999 -1.4773265204738884e-09
1219.416 -2.929718576480314e-09
1227.833 -5.381654691030837e-09
1236.249 -2.4285385593880007e-09
1244.666 -8.164383553451629e-10
1253.083 -6.435127653521246e-10
1261.499 -3.158324120181484e-11
1269.916 -5.6664157908825236e-11
1278.332 -4.5231940189560407e-10
1286.749 -1.2085788308619139e-09
1295.166 -1.435156770553551e-09
1303.582 -1.374805375954455e-08
1311.999 -7.772367718937629e-08
1320.416 -1.093624667384464e-07
1328.832 -1.774141654759616e-07
1337.249 -2.409184438204731e-07
1345.665 -2.849270816284446e-07
1354.082 -1.5000882492478094e-07
1362.499 -1.9198448157679331e-10
1370.915 4.031839673521037e-10
1379.332 2.796023224751635e-10
1387.749 5.61103898138264e-10
1396.165 -3.810309069594059e-11
1404.582 -3.2446322808520742e-09
1412.999 -7.020196822651671e-08
1421.415 -1.1398851879028244e-07
1429.832 -1.266520914174863e-07
1438.248 -5.485952870469403e-08
1446.665 6.317848875163612e-08
1455.082 -1.870347686523982e-08
1463.498 -2.6425280273333442e-08
1471.915 -2.631879006656583e-08
1480.332 -3.649204979107163e-08
1488.748 -1.6322382975635274e-08
1497.165 -3.990573645553021e-09
1505.581 -1.2454824218710711e-08
1513.998 -7.049705196557729e-09
1522.415 -6.27020581896661e-09
1530.831 -3.80653047045514e-09
1539.248 -4.5566085690864655e-09
1547.665 -4.215855186517309e-09
1556.081 -4.369478887393558e-09
1564.498 -4.473421525762625e-09
1572.914 -5.2520443824477474e-09
1581.331 -4.531884604828894e-09
1589.748 -3.8073025121498905e-09
1598.164 -6.3228591317134756e-09
1606.581 -2.3505150777946583e-08
1614.998 -6.760745621810449e-08
1623.414 -2.827402818842732e-07
1631.831 -8.503337548654386e-07
1640.247 -1.1435603728659694e-06
1648.664 -1.1459878622718067e-06
1657.081 -7.687612564096215e-07
1665.497 -2.149708372238783e-06
1673.914 -7.276288267224199e-07
1682.331 -6.333459295930619e-07
1690.747 -7.212708235024545e-07
1699.164 -9.439296362095204e-07
1707.58 -1.1476496892513064e-06
1715.997 -4.931009243175341e-07
1724.414 -9.717088510790101e-07
1732.83 -7.973971906350902e-07
1741.247 -4.3025757329335607e-07
1749.664 -2.486614364783603e-07
1758.08 -1.7801342981555767e-07
1766.497 -3.467759003785182e-07
1774.913 -5.179182205041602e-07
1783.33 -3.279065556337701e-07
1791.747 -6.421679257763202e-07
1800.163 -1.822987419067319e-07
1808.58 -1.4850600794563472e-07
1816.997 -1.0638386524903354e-07
1825.413 -1.5962383618627233e-09
1833.83 2.521797007942039e-10
1842.246 8.323850443058722e-10
1850.663 3.5826724604847513e-10
1859.08 5.182836056503196e-10
1867.496 6.173850386381846e-10
1875.913 1.4033642938162335e-10
1884.33 5.588761293675143e-10
1892.746 8.236076168059099e-10
1901.163 4.740650288092332e-10
1909.579 5.082735421978431e-10
1917.996 1.1597205722550942e-09
1926.413 4.640629437745676e-10
1934.829 -5.283142077608133e-09
1943.246 -1.5876934771746445e-08
1951.663 -2.3937973615352605e-08
1960.079 -2.3511482444139336e-08
1968.496 -3.9137911683434255e-08
1976.913 -1.9119388111696546e-08
1985.329 -9.70428381590287e-09
1993.746 -1.0841340563271176e-08
2002.162 -1.2278369613076949e-08
2010.579 -1.650056416246923e-08
2018.996 -2.0632366042866104e-08
2027.412 -1.0432633216368977e-08
2035.829 -8.350194924076809e-09
2044.246 -4.433557767732256e-08
2052.662 -5.7013354671154486e-08
2061.079 -9.819808062229613e-09
2069.495 -8.183060838275274e-09
2077.912 -1.0860075945743394e-08
2086.329 -7.824653296491562e-09
2094.745 -6.92511034867861e-09
2103.162 -8.494934129022585e-09
2111.579 3.487045711091055e-08
2119.995 -6.877195666882868e-09
2128.412 -5.215787648786858e-08
2136.828 -1.4146761440708584e-07
2145.245 -2.89279449717152e-07
2153.662 -5.361767339426383e-07
2162.078 -8.624591721662131e-07
2170.495 -9.358540434940233e-07
2178.912 -7.180659999821563e-07
2187.328 -4.2611649936361103e-07
2195.745 -2.3012098589921564e-06
2204.161 -4.3776846378320384e-06
2212.578 -1.2588662898931204e-06
2220.995 -2.226310881256414e-06
2229.411 -3.409509392818165e-06
2237.828 -4.620264743261872e-06
2246.245 -5.973205833330608e-06
2254.661 -6.5723632796724885e-06
2263.078 -7.332932100132614e-06
2271.494 -6.776241768387931e-06
2279.911 -7.061964853794238e-06
2288.328 -8.524069761448417e-06
2296.744 -1.1217994157231624e-05
2305.161 -8.727658033051503e-06
2313.578 -5.790023141973953e-06
2321.994 -1.0079188497431688e-05
2330.411 -6.824257649140964e-06
2338.827 -1.0879096611112392e-05
2347.244 -1.4031949054964323e-05
2355.661 -1.000246734380212e-05
2364.077 -6.2710661599761535e-06
2372.494 -1.3979741019287865e-05
2380.911 -6.914971534061701e-06
2389.327 -6.488677262513988e-06
2397.744 -5.87829820689584e-06
2406.16 -4.378034214084386e-06
2414.577 -2.1065534451202434e-06
2422.994 -2.8765928726781237e-06
2431.41 -2.1839764998462424e-06
2439.827 -1.3856369777936175e-06
2448.244 -1.1834758048400819e-06
2456.66 -8.528018490095573e-07
2465.077 -4.4863167436199377e-07
2473.494 -3.7265451561980044e-07
2481.91 -1.8561447206955896e-07
2490.327 -1.5085041435682967e-07
2498.743 -2.3076875476014947e-07
