1009.0 0.0
1017.417 0.0
1025.834 0.0
1034.25 0.0
1042.667 0.0
1051.084 0.0
1059.5 0.0
1067.917 -2.330162998582049e-16
1076.333 -5.696604223634999e-12
1084.75 -1.4173609945772314e-09
1093.167 -5.1006493826415085e-09
1101.583 1.3880086731331988e-09
1110.0 -1.5299712851699426e-08
1118.417 -6.908808860112387e-08
1126.833 -1.3601050358459838e-07
1135.25 -1.3506496891779378e-07
1143.666 -1.4412246991630672e-07
1152.083 -3.8605762309871196e-07
1160.5 -4.3778297850856096e-07
1168.916 -3.67023451068807e-07
1177.333 -1.916467320465542e-07
1185.75 -1.262768134277911e-07
1194.166 -6.386266923528186e-08
1202.583 -1.5299633893054104e-08
1210.999 -5.8087181817888376e-09
1219.416 -7.193017824959702e-09
1227.833 -2.501598866173415e-09
1236.249 -3.2280911751269976e-09
1244.666 -3.556103064018882e-10
1253.083 -2.2119457836501636e-11
1261.499 -5.032801297897225e-10
1269.916 -6.429154942099342e-10
1278.332 -8.652063192467461e-10
1286.749 -5.669285782146728e-10
1295.166 -1.269546271034358e-09
1303.582 -4.503191158426958e-09
1311.999 -6.533053688330528e-08
1320.416 -1.2267606529028042e-07
1328.832 -1.8282514367395094e-07
1337.249 -2.605084167987102e-07
1345.665 -2.990486338200565e-07
1354.082 -1.5676731412105884e-07
1362.499 -2.087802212365362e-10
1370.915 8.071195468310146e-11
1379.332 1.5086200476445438e-11
1387.749 5.3670113961910604e-12
1396.165 -2.376013497494269e-11
1404.582 -3.038364967238819e-09
1412.999 -6.627367524852305e-08
1421.415 -1.0941222196831667e-07
1429.832 -1.2428354992890247e-07
1438.248 -7.450492685907912e-08
1446.665 -9.226827735791913e-08
1455.082 -2.6918137766179388e-08
1463.498 -5.949315656202311e-09
1471.915 -3.380539737882856e-08
1480.332 -3.6682601561701416e-08
1488.748 -2.836703122371631e-08
1497.165 -5.246982436209013e-09
1505.581 -6.644681686999665e-09
1513.998 -1.0538540013546226e-08
1522.415 -4.989225911830556e-09
1530.831 -6.038434825494362e-09
1539.248 -4.753989589697836e-09
1547.665 -4.620534153281809e-09
1556.081 -3.791330230353028e-09
1564.498 -2.9871651932752026e-09
1572.914 -4.14253347989243e-09
1581.331 -3.135417263555991e-09
1589.748 -4.709935234391207e-09
1598.164 -7.763773054529403e-09
1606.581 -2.1079726962492812e-08
1614.998 -6.366690341618996e-08
1623.414 -2.856262201936549e-07
1631.831 -8.649850617256779e-07
1640.247 -1.1733644861291225e-06
1648.664 -1.0981049238232899e-06
1657.081 -8.126348889478199e-07
1665.497 -2.2184822944498964e-06
1673.914 -7.550442652921061e-07
1682.331 -6.711862146373255e-07
1690.747 -7.637424885014114e-07
1699.164 -9.718822055897339e-07
1707.58 -1.1141962556022135e-06
1715.997 -5.1143301002902e-07
1724.414 -9.887456682706971e-07
1732.83 -8.141043473936809e-07
1741.247 -4.5846439681370273e-07
1749.664 -2.4157345796899193e-07
1758.08 -1.617559055331738e-07
1766.497 -3.405084094802294e-07
1774.913 -5.762940294483667e-07
1783.33 -3.380604318579683e-07
1791.747 -6.312559453660837e-07
1800.163 -1.7461327322033292e-07
1808.58 -1.5035398703406333e-07
1816.997 -1.0597040028769132e-07
1825.413 -1.7497217645032846e-09
1833.83 5.912735730279987e-10
1842.246 5.903529826485146e-10
1850.663 6.307979657346317e-10
1859.08 2.098659987705591e-10
1867.496 3.7460106166888165e-10
1875.913 1.711953946402667e-10
1884.33 3.3274679512638074e-10
1892.746 5.126812966214684e-10
1901.163 5.698736708192601e-10
1909.579 9.012159059103092e-10
1917.996 9.872433204578677e-10
1926.413 1.1172577188403376e-10
1934.829 -6.897241982141586e-09
1943.246 -1.9398164561517545e-08
1951.663 -3.703362349989987e-08
1960.079 -1.805191917286958e-08
1968.496 -3.382079971464205e-08
1976.913 -1.0461359724852071e-08
1985.329 -5.387465222391921e-09
1993.746 -7.82116266400479e-09
2002.162 -9.29525535248118e-09
2010.579 -2.0581555283986227e-08
2018.996 -2.6957159404788117e-08
2027.412 -1.198688873701396e-08
2035.829 -6.862293043033839e-09
2044.246 -6.091363428784287e-08
2052.662 -7.4551321058667e-08
2061.079 -1.0237938922694526e-08
2069.495 -9.60087394425473e-09
2077.912 -1.0178008463718872e-08
2086.329 -2.5881892748184654e-09
2094.745 -7.624532257685513e-09
2103.162 -7.181614603723154e-09
2111.579 -2.2202390930485304e-08
2119.995 -1.8165952232764108e-08
2128.412 -4.681274001060946e-08
2136.828 -1.4385537399004963e-07
2145.245 -2.932529892287957e-07
2153.662 -5.419590731594562e-07
2162.078 -8.368659932125162e-07
2170.495 -9.696056428189821e-07
2178.912 -8.283740126588242e-07
2187.328 -4.2448306410690265e-07
2195.745 -2.305690857879566e-06
2204.161 -4.373382266244092e-06
2212.578 -1.160304463544432e-06
2220.995 -2.2417252444393833e-06
2229.411 -3.514934505769386e-06
2237.828 -4.714961295370614e-06
2246.245 -6.111334690950116e-06
2254.661 -6.778776090188342e-06
2263.078 -7.745153345958418e-06
2271.494 -7.1896284174659255e-06
2279.911 -7.29891640754585e-06
2288.328 -8.673641237421968e-06
2296.744 -1.1655524654956657e-05
2305.161 -9.180176825869334e-06
2313.578 -6.219001384611234e-06
2321.994 -1.0683759482882218e-05
2330.411 -6.931817024836891e-06
2338.827 -1.1180576813523155e-05
2347.244 -1.4727287428295733e-05
2355.661 -1.0576263617891e-05
2364.077 -6.6003332741825715e-06
2372.494 -1.4816343838875054e-05
2380.911 -7.128698919911079e-06
2389.327 -6.891689882718036e-06
2397.744 -6.329765996007341e-06
2406.16 -4.6825216418804345e-06
2414.577 -2.155512081332317e-06
2422.994 -2.886798836202384e-06
2431.41 -2.1837028749237733e-06
2439.827 -1.4881312685486846e-06
2448.244 -1.2253017093346205e-06
2456.66 -9.172178213158399e-07
2465.077 -4.7616985820237345e-07
2473.494 -3.6720143980496515e-07
2481.91 -2.1575212353323184e-07
2490.327 -1.5460452491523445e-07
2498.743 -1.5103490698615822e-07
