1009.0 -5.459263838877746e-13
1017.417 -1.2409975958202486e-11
1025.834 -2.5409060525122315e-11
1034.25 -3.234942531327407e-11
1042.667 -3.7031193479851174e-11
1051.084 -3.13494639543737e-11
1059.5 -4.3231711818864715e-11
1067.917 -5.865074111342792e-11
1076.333 -1.1669718505370531e-10
1084.75 -5.867521181152645e-10
1093.167 -3.842798676630488e-09
1101.583 -3.873296176286377e-09
1110.0 -2.1573293708939056e-08
1118.417 -6.151033035045601e-08
1126.833 -1.6636657177764062e-07
1135.25 -1.548178006223007e-07
1143.666 -1.35151994767807e-07
1152.083 -3.840904862019144e-07
1160.5 -4.7418428467464925e-07
1168.916 -3.536041912599406e-07
1177.333 -1.7937298655190033e-07
1185.75 -1.0688096658107525e-07
1194.166 -6.576127518565814e-08
1202.583 -3.693732364943213e-08
1210.999 -1.4604761069542296e-08
1219.416 -4.695797761283571e-09
1227.833 -4.062671811181448e-09
1236.249 -3.096318851348058e-09
1244.666 -1.3478986831530551e-09
1253.083 -4.189396629881402e-10
1261.499 -1.6981527351492858e-10
1269.916 -1.4631789995054457e-10
1278.332 -2.1366322523614875e-10
1286.749 -2.1511735173742105e-10
1295.166 -4.976019413202454e-10
1303.582 -9.925296302710414e-09
1311.999 -7.755993613974749e-08
1320.416 -1.1205917016945277e-07
1328.832 -1.806024712997896e-07
1337.249 -2.621647618128568e-07
1345.665 -3.3713069769912997e-07
1354.082 -1.8958000042258988e-07
1362.499 -2.356584949708385e-10
1370.915 1.0719527709278677e-10
1379.332 1.0753515227805237e-10
1387.749 3.072320470641223e-11
1396.165 -6.897866836911019e-11
1404.582 -3.1289374679717745e-09
1412.999 -5.072928380528341e-08
1421.415 -1.523071042344541e-07
1429.832 -1.3908275405678258e-07
1438.248 -7.052572957894096e-08
1446.665 -4.8497559296297376e-08
1455.082 -3.4109370697146924e-08
1463.498 -2.6277306897942942e-08
1471.915 -3.4865483102092636e-08
1480.332 -2.8283426628705526e-08
1488.748 -1.2474132879848968e-08
1497.165 -7.3528612756507105e-09
1505.581 -5.312841559504553e-09
1513.998 -3.4002357507559353e-09
1522.415 -2.069005044726892e-09
1530.831 -1.4821757103529944e-09
1539.248 -8.880124868323378e-10
1547.665 -7.371788065779387e-10
1556.081 -7.690457843421042e-10
1564.498 -6.609149564934708e-10
1572.914 -7.82300513403845e-10
1581.331 -5.375804806679516e-10
1589.748 -7.05224001348599e-10
1598.164 -4.129300457533827e-09
1606.581 -2.3629542138990315e-08
1614.998 -6.936882484067853e-08
1623.414 -2.741087477192016e-07
1631.831 -7.341419945145148e-07
1640.247 -7.961981590956634e-07
1648.664 -8.124524481298668e-07
1657.081 -5.994104163858351e-07
1665.497 -1.3952487750085682e-06
1673.914 -5.366800628052094e-07
1682.331 -4.895264005935179e-07
1690.747 -6.681404225683882e-07
1699.164 -9.236942273358962e-07
1707.58 -1.1921217791175994e-06
1715.997 -5.029464461004408e-07
1724.414 -9.76284804210816e-07
1732.83 -8.068847781943624e-07
1741.247 -4.429239554940787e-07
1749.664 -2.424630468230716e-07
1758.08 -1.6771902967485785e-07
1766.497 -3.5271421054257803e-07
1774.913 -5.961527094538122e-07
1783.33 -3.6015602074469626e-07
1791.747 -6.523398697258423e-07
1800.163 -1.618128377546679e-07
1808.58 -1.5232632472023973e-07
1816.997 -1.0484337380714929e-07
1825.413 -6.725447457837008e-10
1833.83 8.239411767441749e-10
1842.246 9.1852274915833e-10
1850.663 1.0119549171409418e-09
1859.08 8.462174239982568e-10
1867.496 6.731244292844149e-10
1875.913 9.792099202008831e-10
1884.33 1.3972931838592537e-09
1892.746 1.2629535122366935e-09
1901.163 9.164484916799392e-10
1909.579 1.3163749418817345e-09
1917.996 1.558316663317009e-09
1926.413 1.4943967093170856e-09
1934.829 9.000728200287484e-10
1943.246 1.840884932878853e-10
1951.663 5.4726399432724075e-09
1960.079 6.573531395760423e-09
1968.496 4.4824629778462614e-09
1976.913 5.455636477917484e-09
1985.329 7.832201539148738e-09
1993.746 1.1315894268574402e-08
2002.162 1.2330728176019985e-08
2010.579 1.1924421497846265e-08
2018.996 1.2273625317133489e-08
2027.412 1.3402690964340815e-08
2035.829 1.3849387084072639e-08
2044.246 1.4329635111734713e-08
2052.662 1.39954058600785e-08
2061.079 1.4117138706512022e-08
2069.495 1.498003249477649e-08
2077.912 1.4771593401482545e-08
2086.329 1.5240847409342325e-08
2094.745 1.451168005137658e-08
2103.162 1.4305904961171299e-08
2111.579 8.506562727443501e-09
2119.995 -4.637045756790683e-09
2128.412 -2.9005579707989174e-08
2136.828 -1.1409534170694056e-07
2145.245 -2.8234762911647784e-07
2153.662 -5.305348712793817e-07
2162.078 -7.768040098489877e-07
2170.495 -8.445636301872013e-07
2178.912 -6.268869031609901e-07
2187.328 -3.614810178057234e-07
2195.745 -1.7687786109379584e-06
2204.161 -3.6987149167946246e-06
2212.578 -1.0881533987801056e-06
2220.995 -1.912945322275839e-06
2229.411 -2.8826218381951796e-06
2237.828 -3.987179492587664e-06
2246.245 -4.935195345820898e-06
2254.661 -5.3642754785555696e-06
2263.078 -5.735455717015095e-06
2271.494 -5.0188620470358655e-06
2279.911 -5.128652122532935e-06
2288.328 -6.4743357870086045e-06
2296.744 -8.761304384261477e-06
2305.161 -6.7891367519417905e-06
2313.578 -3.363843113302965e-06
2321.994 -7.57151935005268e-06
2330.411 -5.601028428251916e-06
2338.827 -8.820888066318915e-06
2347.244 -1.1185243881701693e-05
2355.661 -7.153665716551385e-06
2364.077 -4.380620847676487e-06
2372.494 -9.43411310993891e-06
2380.911 -5.5298419637092485e-06
2389.327 -5.109606113120645e-06
2397.744 -4.860785707076094e-06
2406.16 -3.6532234562244552e-06
2414.577 -1.9750853852518985e-06
2422.994 -2.822537334313823e-06
2431.41 -2.016312141400885e-06
2439.827 -1.3638514098479814e-06
2448.244 -1.3216728155265576e-06
2456.66 -8.932370418810092e-07
2465.077 -5.406438554859947e-07
2473.494 -4.814867748235489e-07
2481.91 -3.144073671030092e-07
2490.327 -2.488682856927683e-07
2498.743 -2.5814553547792555e-07
