1009.0 -4.2918837422103563e-14
1017.417 -1.8663693872000112e-12
1025.834 -1.2395280098379635e-11
1034.25 -2.602853812147254e-11
1042.667 -3.552428918131215e-11
1051.084 -4.8394186304083006e-11
1059.5 -7.271546637300328e-11
1067.917 -5.936128472530605e-11
1076.333 -8.041514700893946e-11
1084.75 -6.385559221497379e-10
1093.167 -3.945743462676643e-09
1101.583 -3.8219121881079126e-09
1110.0 -2.229637805347548e-08
1118.417 -6.520876717329464e-08
1126.833 -1.7244267702003249e-07
1135.25 -1.622850541550294e-07
1143.666 -1.4379119010199436e-07
1152.083 -3.9752325449334113e-07
1160.5 -4.886658045510816e-07
1168.916 -3.638414109014556e-07
1177.333 -1.8760932584287675e-07
1185.75 -1.2065553199807958e-07
1194.166 -7.368122899316588e-08
1202.583 -3.902262968101779e-08
1210.999 -1.4541173045983023e-08
1219.416 -4.564742359382207e-09
1227.833 -4.391559212320911e-09
1236.249 -3.5286522179565018e-09
1244.666 -1.3742856682242254e-09
1253.083 -3.8188167969104584e-10
1261.499 -2.5278436005470157e-10
1269.916 -2.592435252424938e-10
1278.332 -2.9946719919160005e-10
1286.749 -3.038876561978076e-10
1295.166 -5.585012428422563e-10
1303.582 -1.2263930622768132e-08
1311.999 -8.153875462798932e-08
1320.416 -1.1594549290232883e-07
1328.832 -1.9152896257023768e-07
1337.249 -2.780869002927099e-07
1345.665 -3.4583459164446687e-07
1354.082 -1.9638482426757873e-07
1362.499 -2.4619153797496005e-10
1370.915 8.426691210531941e-11
1379.332 6.76425407452822e-11
1387.749 8.18335365795085e-11
1396.165 -3.2472873762812774e-11
1404.582 -3.768693709738333e-09
1412.999 -5.943486097659899e-08
1421.415 -1.5859469648734158e-07
1429.832 -1.4172143013117163e-07
1438.248 -7.107051119904722e-08
1446.665 -5.0685391243225474e-08
1455.082 -3.67993999800435e-08
1463.498 -2.9061298337461986e-08
1471.915 -3.4243596008568277e-08
1480.332 -2.8455714074865515e-08
1488.748 -1.2631688230189996e-08
1497.165 -7.438385204406495e-09
1505.581 -5.521171989124479e-09
1513.998 -3.613961799102068e-09
1522.415 -1.9469562902795406e-09
1530.831 -1.2990873478049384e-09
1539.248 -1.0387042599637413e-09
1547.665 -9.301009278170116e-10
1556.081 -9.75220924813478e-10
1564.498 -8.882170322975071e-10
1572.914 -8.435790274890732e-10
1581.331 -7.145435661194193e-10
1589.748 -9.741549729127848e-10
1598.164 -4.261912374931459e-09
1606.581 -2.375849058828454e-08
1614.998 -7.170666897092223e-08
1623.414 -2.7955422967964333e-07
1631.831 -7.769980250148954e-07
1640.247 -9.197128175815186e-07
1648.664 -9.108700594827245e-07
1657.081 -6.502080487939787e-07
1665.497 -1.6016022118438656e-06
1673.914 -5.953989461661126e-07
1682.331 -5.394083540485304e-07
1690.747 -7.153248887924807e-07
1699.164 -9.546355962919863e-07
1707.58 -1.2188933129549445e-06
1715.997 -5.153572525299874e-07
1724.414 -9.9927369360323e-07
1732.83 -8.249612222240636e-07
1741.247 -4.5661532125443524e-07
1749.664 -2.5249785827460943e-07
1758.08 -1.741925019565097e-07
1766.497 -3.6074441802798636e-07
1774.913 -6.134307347604182e-07
1783.33 -3.758936143472329e-07
1791.747 -6.74695335831014e-07
1800.163 -1.6939448892951314e-07
1808.58 -1.6420220121556927e-07
1816.997 -1.1429458238407789e-07
1825.413 -9.009194922449708e-10
1833.83 8.409157252580081e-10
1842.246 8.279927133712698e-10
1850.663 8.293606832822731e-10
1859.08 8.986051700390403e-10
1867.496 8.997911443529574e-10
1875.913 8.758042762990928e-10
1884.33 1.310826396940673e-09
1892.746 1.2981740814735197e-09
1901.163 1.037169708335622e-09
1909.579 1.1255714406961433e-09
1917.996 1.4910991793601696e-09
1926.413 1.4896138462989183e-09
1934.829 -2.46855492897598e-09
1943.246 -8.597013390056834e-09
1951.663 -3.599229022358264e-09
1960.079 -3.410670864076062e-09
1968.496 -6.830792689690357e-09
1976.913 -4.324863867141485e-09
1985.329 -2.2488389209055547e-09
1993.746 5.174673923166063e-10
2002.162 4.472319749230579e-10
2010.579 5.751084199017111e-10
2018.996 1.2402671114119208e-09
2027.412 2.0171759676924873e-09
2035.829 1.6186370033002366e-09
2044.246 1.6604092241920768e-09
2052.662 1.4784419530527224e-09
2061.079 1.432183706026253e-09
2069.495 2.247218405478314e-09
2077.912 2.086604404354578e-09
2086.329 1.9822063264778496e-09
2094.745 1.7179525158154094e-09
2103.162 4.799854102666448e-10
2111.579 -3.992946957956269e-09
2119.995 -1.5756429488844022e-08
2128.412 -4.3741024282448723e-08
2136.828 -1.2974410833188384e-07
2145.245 -2.9112328788142576e-07
2153.662 -5.508087264666817e-07
2162.078 -8.138196347038184e-07
2170.495 -8.910306780712226e-07
2178.912 -6.743334482050507e-07
2187.328 -3.893723214786874e-07
2195.745 -1.947860953485168e-06
2204.161 -3.968799239045329e-06
2212.578 -1.136733930226724e-06
2220.995 -2.021012311877886e-06
2229.411 -3.0567370778596356e-06
2237.828 -4.2445733024762315e-06
2246.245 -5.305030788019273e-06
2254.661 -5.752004902502255e-06
2263.078 -6.297271829885325e-06
2271.494 -5.5478475140550375e-06
2279.911 -5.673949241828076e-06
2288.328 -7.048119564539516e-06
2296.744 -9.550416999630293e-06
2305.161 -7.411739395283774e-06
2313.578 -4.098608154618457e-06
2321.994 -8.44789657544825e-06
2330.411 -6.010041441872152e-06
2338.827 -9.649075051504545e-06
2347.244 -1.2380001803185483e-05
2355.661 -8.107792172305453e-06
2364.077 -4.9355991641481865e-06
2372.494 -1.0936325489597718e-05
2380.911 -6.187024109765921e-06
2389.327 -5.743282449472824e-06
2397.744 -5.323743305881252e-06
2406.16 -3.99234336682088e-06
2414.577 -2.1134966413832356e-06
2422.994 -2.9257524042419843e-06
2431.41 -2.097165587604776e-06
2439.827 -1.3943211936484353e-06
2448.244 -1.3378075260496934e-06
2456.66 -8.977859385829997e-07
2465.077 -5.443464556954952e-07
2473.494 -4.892002786642581e-07
2481.91 -3.1436326181263906e-07
2490.327 -2.4827084825521774e-07
2498.743 -2.7230436455331514e-07
