1009.0 0.0
1017.417 0.0
1025.834 0.0
1034.25 0.0
1042.667 0.0
1051.084 0.0
1059.5 0.0
1067.917 -3.86532556804027e-16
1076.333 -7.451519285683171e-12
1084.75 -1.394776063131517e-09
1093.167 -7.2863197575063705e-09
1101.583 -3.78988504954695e-09
1110.0 -2.1471852160402045e-08
1118.417 -7.490838428261086e-08
1126.833 -1.576859954302517e-07
1135.25 -1.7348986181596256e-07
1143.666 -1.502108674784896e-07
1152.083 -3.319003146799241e-07
1160.5 -3.8248542107081666e-07
1168.916 -2.9794071409671923e-07
1177.333 -1.592691558654719e-07
1185.75 -8.362297960791566e-08
1194.166 -5.859114160652655e-08
1202.583 -3.1291288414831386e-08
1210.999 1.2296641372807396e-08
1219.416 3.6862782907960164e-09
1227.833 -2.171666322477572e-09
1236.249 8.929986493756344e-10
1244.666 -5.409604576226355e-10
1253.083 -2.100699650994035e-10
1261.499 -9.302487316247379e-12
1269.916 -5.357161238786756e-11
1278.332 -1.9160897824926968e-10
1286.749 -1.804640033129902e-09
1295.166 -1.0413636955041228e-09
1303.582 -1.2191392857341092e-08
1311.999 -4.9547663224526315e-08
1320.416 -1.0627742267100918e-07
1328.832 -1.7980737791762772e-07
1337.249 -2.273732205886049e-07
1345.665 -2.9153738578984045e-07
1354.082 -1.5047638339665538e-07
1362.499 -2.0792157257773832e-10
1370.915 1.851958009834332e-12
1379.332 3.763018670488391e-11
1387.749 1.0368687654574527e-10
1396.165 -4.881373349431464e-11
1404.582 -2.0979134981114504e-09
1412.999 -3.214781914811504e-08
1421.415 -9.825313691209327e-08
1429.832 -1.1132039543015022e-07
1438.248 -9.929339005703893e-08
1446.665 -1.2030114998318783e-07
1455.082 -3.351437279657488e-08
1463.498 -2.9542040370148356e-08
1471.915 -3.349977666033226e-08
1480.332 -3.545319724965123e-08
1488.748 -3.76784008304406e-09
1497.165 -8.704761674612789e-09
1505.581 -2.447962931180444e-08
1513.998 -9.585989730415898e-09
1522.415 -3.465813058328539e-09
1530.831 2.5627119261967733e-08
1539.248 -3.284202810743417e-09
1547.665 -3.7015529959843235e-09
1556.081 -4.3785414670922945e-09
1564.498 -4.250904060794379e-09
1572.914 -3.70305272338493e-09
1581.331 -3.4242721351558626e-09
1589.748 -3.4281689370437256e-09
1598.164 -5.910049980909808e-09
1606.581 -2.0225344489526917e-08
1614.998 -6.246831030473497e-08
1623.414 -2.7621425851157407e-07
1631.831 -8.226053048077242e-07
1640.247 -1.1160294681287418e-06
1648.664 -1.0558473488602515e-06
1657.081 -7.555045613341543e-07
1665.497 -2.0540213262578074e-06
1673.914 -6.942045784269293e-07
1682.331 -6.078818900639997e-07
1690.747 -6.87923118475725e-07
1699.164 -9.562008773961778e-07
1707.58 -1.2001160223712792e-06
1715.997 -4.955934977937294e-07
1724.414 -9.576816325010789e-07
1732.83 -8.115497259281163e-07
1741.247 -4.4515803047279277e-07
1749.664 -2.486839516065382e-07
1758.08 -1.9120974036997485e-07
1766.497 -3.7016369977811475e-07
1774.913 -5.367078850634838e-07
1783.33 -3.202095261130453e-07
1791.747 -6.438509718885387e-07
1800.163 -1.7892137426827336e-07
1808.58 -1.4696476232762774e-07
1816.997 -9.96048558276104e-08
1825.413 -1.3194922674975408e-09
1833.83 8.448449728606379e-13
1842.246 2.1789344672322324e-10
1850.663 4.086698191793554e-10
1859.08 2.966863845351592e-10
1867.496 4.2846039191981705e-10
1875.913 5.49263927205828e-10
1884.33 4.4771773829766596e-10
1892.746 8.602849002923013e-10
1901.163 3.055526116415343e-10
1909.579 1.2165471537162682e-09
1917.996 8.762403823249739e-10
1926.413 6.046918528126211e-10
1934.829 -6.110680107652117e-09
1943.246 -7.345527663959317e-09
1951.663 -3.959019372776542e-09
1960.079 -1.0097390495001367e-08
1968.496 -4.5336304556211744e-09
1976.913 -1.7940252726564592e-09
1985.329 1.2078518511190013e-09
1993.746 1.4434955028799799e-09
2002.162 7.615950747600907e-09
2010.579 -1.3944107060822584e-08
2018.996 -1.89080758805983e-08
2027.412 -1.03425449522339e-08
2035.829 -1.1506782253028918e-08
2044.246 -3.7057936546239814e-08
2052.662 -4.592627283522764e-08
2061.079 -1.0222564731135323e-08
2069.495 -7.196315912462461e-09
2077.912 -7.353303924766315e-09
2086.329 -8.464755571271127e-09
2094.745 -6.525550601377155e-09
2103.162 -9.03742135702981e-09
2111.579 -1.9163789500458013e-08
2119.995 -2.3330854049037363e-08
2128.412 -4.764034061398873e-08
2136.828 -1.2767257937095394e-07
2145.245 -2.8916271375840236e-07
2153.662 -5.253984837304694e-07
2162.078 -8.495141669900394e-07
2170.495 -9.05265384830599e-07
2178.912 -7.244121660806681e-07
2187.328 -4.088667706578388e-07
2195.745 -2.0732157295085185e-06
2204.161 -4.27195757193296e-06
2212.578 -1.1912379754704992e-06
2220.995 -2.1352290208986627e-06
2229.411 -3.32270896547578e-06
2237.828 -4.557303145434029e-06
2246.245 -5.872674526781338e-06
2254.661 -6.4674254349669125e-06
2263.078 -7.2531045406675535e-06
2271.494 -6.604797877121595e-06
2279.911 -6.770430256253181e-06
2288.328 -8.281477839474061e-06
2296.744 -1.102915350290955e-05
2305.161 -8.421023957637509e-06
2313.578 -5.389260462665029e-06
2321.994 -9.680002103467086e-06
2330.411 -6.7495880567368895e-06
2338.827 -1.0760282069963316e-05
2347.244 -1.3914049315573895e-05
2355.661 -9.660080857613444e-06
2364.077 -6.138828543120021e-06
2372.494 -1.3590709079361815e-05
2380.911 -6.736485242441689e-06
2389.327 -6.425414995699505e-06
2397.744 -5.744995709258905e-06
2406.16 -4.207752731057209e-06
2414.577 -2.0341881748996418e-06
2422.994 -2.7980059892651363e-06
2431.41 -2.0647458888645135e-06
2439.827 -1.358579555503292e-06
2448.244 -1.133155596812393e-06
2456.66 -8.515822395926807e-07
2465.077 -4.5756917552579587e-07
2473.494 -3.467567197240853e-07
2481.91 -1.9545217009936771e-07
2490.327 -1.5724623156376922e-07
2498.743 -2.8052098777442206e-07
