1009.0 0.0
1017.417 0.0
1025.834 0.0
1034.25 0.0
1042.667 0.0
1051.084 0.0
1059.5 0.0
1067.917 -2.2221282053493043e-16
1076.333 -5.211845505720246e-12
1084.75 -1.0366708484521335e-09
1093.167 7.589129326227463e-09
1101.583 5.2598702500140385e-09
1110.0 -4.97902048322132e-09
1118.417 -4.768552949039453e-08
1126.833 -1.517871162732796e-07
1135.25 -1.394716795035303e-07
1143.666 -1.4032993244258375e-07
1152.083 -3.7348076208672267e-07
1160.5 -4.213405173871647e-07
1168.916 -3.5421200442766303e-07
1177.333 -2.1051600586693478e-07
1185.75 -1.402017145987453e-07
1194.166 -6.276952625678832e-08
1202.583 -8.892562845733096e-09
1210.999 -5.572394088618009e-09
1219.416 -5.29772581467081e-09
1227.833 -2.695832429566247e-09
1236.249 -3.4402289318915145e-09
1244.666 -4.718160192421259e-10
1253.083 -1.6753393155924122e-10
1261.499 -1.8314089836689884e-10
1269.916 -4.646652756848652e-10
1278.332 -1.0469088012135038e-09
1286.749 -7.485268328371744e-10
1295.166 -1.2858360783070521e-09
1303.582 -8.871472502621027e-09
1311.999 -8.075407308065754e-08
1320.416 -1.272622043899921e-07
1328.832 -1.867709486998822e-07
1337.249 -2.654796577295948e-07
1345.665 -3.0204807695350006e-07
1354.082 -1.5471173538872262e-07
1362.499 -1.9684586117755158e-10
1370.915 2.1255376064952662e-10
1379.332 1.1085165704250009e-10
1387.749 2.0025989725865542e-10
1396.165 6.93044542007421e-11
1404.582 -2.2287284880554093e-09
1412.999 -3.9558634502939364e-08
1421.415 -1.0244829001992727e-07
1429.832 -1.1957853012996495e-07
1438.248 -6.423766332520818e-08
1446.665 -7.894360734898178e-08
1455.082 -2.7034065425813657e-08
1463.498 -4.46536062697921e-09
1471.915 -2.6457847630485194e-08
1480.332 -4.621870444826826e-08
1488.748 -2.796959771053764e-08
1497.165 -4.673620962789837e-09
1505.581 9.248096414930951e-09
1513.998 -8.464289984617581e-09
1522.415 -5.774904446026223e-09
1530.831 -4.548010572901643e-09
1539.248 -4.241763466107702e-09
1547.665 -4.228795659459424e-09
1556.081 -3.4817798407302897e-09
1564.498 -2.809039569671018e-09
1572.914 -4.071832200397799e-09
1581.331 -4.03650043869529e-09
1589.748 -4.787718699953484e-09
1598.164 -6.9205544554112715e-09
1606.581 -2.598037165590626e-08
1614.998 -7.559052617429226e-08
1623.414 -2.856132328310283e-07
1631.831 -8.540784753967355e-07
1640.247 -1.1385187756666224e-06
1648.664 -1.0919541379475845e-06
1657.081 -8.030331345548291e-07
1665.497 -2.2044256915793127e-06
1673.914 -7.495221915955478e-07
1682.331 -6.467629772072194e-07
1690.747 -7.63401371981072e-07
1699.164 -9.744267655018058e-07
1707.58 -1.1411911899194076e-06
1715.997 -5.057199237478828e-07
1724.414 -9.79541591694266e-07
1732.83 -8.055445126434748e-07
1741.247 -4.4055027154449246e-07
1749.664 -2.429508910952184e-07
1758.08 -1.5553632404898662e-07
1766.497 -3.275056605211333e-07
1774.913 -5.558150769755813e-07
1783.33 -3.217056611396416e-07
1791.747 -6.233811047102423e-07
1800.163 -1.8062741695223467e-07
1808.58 -1.5011218689009862e-07
1816.997 -1.0923327079678311e-07
1825.413 -1.3287919866901758e-09
1833.83 5.233702352370326e-10
1842.246 7.333563676343998e-10
1850.663 5.64952872919418e-10
1859.08 3.5809694820116247e-10
1867.496 6.020423228725278e-10
1875.913 1.3519774568264049e-10
1884.33 4.710687646687219e-10
1892.746 6.138982370213029e-10
1901.163 6.652908197817515e-10
1909.579 8.261806188612553e-10
1917.996 1.1563252341435083e-09
1926.413 3.1409082392935584e-10
1934.829 -6.179813266423917e-09
1943.246 -2.781350761617941e-08
1951.663 -5.258669283412251e-08
1960.079 -1.964874472736097e-08
1968.496 -3.493086083607421e-08
1976.913 -1.0316708935888523e-08
1985.329 -8.169013021929381e-09
1993.746 -7.577469398880905e-09
2002.162 -8.356039318208677e-09
2010.579 -2.007728313968937e-08
2018.996 -2.5996727427277125e-08
2027.412 -1.1405944807169992e-08
2035.829 -6.248087873544198e-09
2044.246 -5.79425468254031e-08
2052.662 -7.289649399728367e-08
2061.079 -9.406050827025696e-09
2069.495 -8.606642231435164e-09
2077.912 -1.1108567445450195e-08
2086.329 -5.985461807401137e-09
2094.745 -4.86434995425801e-09
2103.162 -4.220334130413119e-09
2111.579 2.106240449479504e-08
2119.995 3.3448786024128194e-09
2128.412 -4.7587441956305034e-08
2136.828 -1.4407656347851597e-07
2145.245 -2.932611525880785e-07
2153.662 -5.490483808974077e-07
2162.078 -8.39472314516003e-07
2170.495 -9.61064602877808e-07
2178.912 -7.985432600111241e-07
2187.328 -4.081127207480899e-07
2195.745 -2.3197348649087074e-06
2204.161 -4.395829612884545e-06
2212.578 -1.2046816142584917e-06
2220.995 -2.2713721752269184e-06
2229.411 -3.5041273013795807e-06
2237.828 -4.675683138689428e-06
2246.245 -6.020746382132164e-06
2254.661 -6.657322542427849e-06
2263.078 -7.532896514762926e-06
2271.494 -6.9782303387927425e-06
2279.911 -7.164899627565596e-06
2288.328 -8.561185365226918e-06
2296.744 -1.149296587195523e-05
2305.161 -9.063283422439807e-06
2313.578 -6.09275659234602e-06
2321.994 -1.0511465967397581e-05
2330.411 -6.860393813899481e-06
2338.827 -1.106282800553037e-05
2347.244 -1.4415473950669262e-05
2355.661 -1.037709341367875e-05
2364.077 -6.457159459840734e-06
2372.494 -1.4388884418372017e-05
2380.911 -6.977400738546599e-06
2389.327 -6.5789899496069346e-06
2397.744 -6.088271048643443e-06
2406.16 -4.579454672182422e-06
2414.577 -2.1470956250077256e-06
2422.994 -2.9298719722303083e-06
2431.41 -2.1979050498402293e-06
2439.827 -1.480708738071731e-06
2448.244 -1.255640466268189e-06
2456.66 -8.937767373230933e-07
2465.077 -4.577033425717731e-07
2473.494 -3.360657680622724e-07
2481.91 -2.112551170949817e-07
2490.327 -1.4835828576821355e-07
2498.743 -1.6299295539419432e-07
