1009.0 0.0
1017.417 0.0
1025.834 0.0
1034.25 0.0
1042.667 0.0
1051.084 0.0
1059.5 0.0
1067.917 -2.4678037391386817e-16
1076.333 -5.58301386268902e-12
1084.75 -1.2029024711289625e-09
1093.167 2.262033021124942e-09
1101.583 3.955058890835218e-09
1110.0 -1.119074923231611e-08
1118.417 -6.473568361273512e-08
1126.833 -1.4579959460765686e-07
1135.25 -1.4303125217086306e-07
1143.666 -1.4938586278474306e-07
1152.083 -3.8865541835982477e-07
1160.5 -4.2217110305069657e-07
1168.916 -3.620054177660359e-07
1177.333 -2.082840091724755e-07
1185.75 -1.353825242124923e-07
1194.166 -6.736841151748109e-08
1202.583 -1.2181639601530963e-08
1210.999 -6.4713826723003576e-09
1219.416 -6.192010659487618e-09
1227.833 -2.441003674343957e-09
1236.249 -3.386883843361816e-09
1244.666 -3.5280301724365147e-10
1253.083 -6.807350152738336e-12
1261.499 -3.005083436719263e-10
1269.916 -5.813634696688658e-10
1278.332 -1.0024990442602522e-09
1286.749 -6.963334224797702e-10
1295.166 -1.314409764381991e-09
1303.582 -7.398572162570153e-09
1311.999 -7.364151756946287e-08
1320.416 -1.2275354019174172e-07
1328.832 -1.8297027557490164e-07
1337.249 -2.6287797400486074e-07
1345.665 -3.007163831862277e-07
1354.082 -1.5584721403927362e-07
1362.499 -2.0216293041924e-10
1370.915 8.04810156785392e-11
1379.332 1.3315252592440818e-11
1387.749 6.179112177523157e-12
1396.165 1.6880677462379562e-11
1404.582 -2.686685829584133e-09
1412.999 -4.686528687174209e-08
1421.415 -1.0332837884894992e-07
1429.832 -1.137060967312691e-07
1438.248 -7.48958105424712e-08
1446.665 -1.3527181090741133e-07
1455.082 -2.6208030907152787e-08
1463.498 5.147484250576495e-10
1471.915 -2.9892435876974527e-08
1480.332 -3.776557034514726e-08
1488.748 -3.0181209794749165e-08
1497.165 -6.515054392407206e-09
1505.581 3.862429514692833e-09
1513.998 -9.423048593455087e-09
1522.415 -5.258490458895515e-09
1530.831 -5.471615259553346e-09
1539.248 -4.447069473869267e-09
1547.665 -4.337915340215348e-09
1556.081 -3.6300176243458303e-09
1564.498 -2.9556283847073677e-09
1572.914 -4.005179008998643e-09
1581.331 -3.6632798418097263e-09
1589.748 -4.669639407031365e-09
1598.164 -7.231728861338361e-09
1606.581 -2.42248484846667e-08
1614.998 -7.032863582013406e-08
1623.414 -2.8525395296757355e-07
1631.831 -8.584771206213196e-07
1640.247 -1.1510924977734667e-06
1648.664 -1.090561898076079e-06
1657.081 -8.060609784799448e-07
1665.497 -2.2086004123347116e-06
1673.914 -7.528411559623145e-07
1682.331 -6.598224369322593e-07
1690.747 -7.637659956374463e-07
1699.164 -9.757285554503314e-07
1707.58 -1.125613956396311e-06
1715.997 -5.078795132861263e-07
1724.414 -9.840599481509315e-07
1732.83 -8.094654980846872e-07
1741.247 -4.4923225226254466e-07
1749.664 -2.4312116180866807e-07
1758.08 -1.5714431879435558e-07
1766.497 -3.2989148609127134e-07
1774.913 -5.670524327676239e-07
1783.33 -3.2888704147724583e-07
1791.747 -6.250919106103485e-07
1800.163 -1.7638372999849403e-07
1808.58 -1.5031976964178426e-07
1816.997 -1.0779760967869905e-07
1825.413 -1.3312107496832194e-09
1833.83 6.027868569145544e-10
1842.246 7.089279947769023e-10
1850.663 6.273766123847026e-10
1859.08 3.0155117795925386e-10
1867.496 5.21170443040078e-10
1875.913 1.599784566092651e-10
1884.33 3.750591633431786e-10
1892.746 5.97798500428472e-10
1901.163 6.525774778708659e-10
1909.579 9.125342803410868e-10
1917.996 1.0673791288705814e-09
1926.413 2.6755518401477543e-10
1934.829 -6.388790763948065e-09
1943.246 -2.5012209977929402e-08
1951.663 -4.550122396824677e-08
1960.079 -1.911893390554506e-08
1968.496 -3.549855333669271e-08
1976.913 -1.1799657392408351e-08
1985.329 -6.700900270302223e-09
1993.746 -7.206009333619874e-09
2002.162 -5.9734834758471725e-09
2010.579 -2.0521140735003004e-08
2018.996 -2.7245119900865e-08
2027.412 -1.1650453010795834e-08
2035.829 -6.675286917196731e-09
2044.246 -6.359300807354157e-08
2052.662 -7.909720244202261e-08
2061.079 -9.718878082851529e-09
2069.495 -8.738509091809382e-09
2077.912 -1.1041783158377131e-08
2086.329 -4.092004085017619e-09
2094.745 -5.82131826136154e-09
2103.162 -5.320516884511099e-09
2111.579 3.794939485299061e-09
2119.995 -4.960222363759217e-09
2128.412 -4.6796150089542334e-08
2136.828 -1.4510754570637815e-07
2145.245 -2.932860269781654e-07
2153.662 -5.452652635738489e-07
2162.078 -8.377828757619254e-07
2170.495 -9.656428897758186e-07
2178.912 -8.197665368336923e-07
2187.328 -4.1929854983959397e-07
2195.745 -2.2919035219497425e-06
2204.161 -4.3682335896076595e-06
2212.578 -1.1671453156933492e-06
2220.995 -2.2646562018968316e-06
2229.411 -3.5190362651987087e-06
2237.828 -4.6945318397994675e-06
2246.245 -6.067225321318775e-06
2254.661 -6.7139443633437085e-06
2263.078 -7.621083833571348e-06
2271.494 -7.06612730012716e-06
2279.911 -7.213933642691868e-06
2288.328 -8.590794164795023e-06
2296.744 -1.1572507960420475e-05
2305.161 -9.122926380874612e-06
2313.578 -6.154281764155515e-06
2321.994 -1.060255882961528e-05
2330.411 -6.8914868399133076e-06
2338.827 -1.1113738391891095e-05
2347.244 -1.4597542294643303e-05
2355.661 -1.0481115831091224e-05
2364.077 -6.506529222805024e-06
2372.494 -1.456860963488933e-05
2380.911 -7.055051168290649e-06
2389.327 -6.7278341520032225e-06
2397.744 -6.204458739741403e-06
2406.16 -4.635266730870489e-06
2414.577 -2.1522238152859643e-06
2422.994 -2.9200041802666357e-06
2431.41 -2.198964537377734e-06
2439.827 -1.4877111563848462e-06
2448.244 -1.2486966323948172e-06
2456.66 -9.209038898562931e-07
2465.077 -4.6411811216851046e-07
2473.494 -3.405882302118567e-07
2481.91 -2.129736603764848e-07
2490.327 -1.47443546106973e-07
2498.743 -1.4512593679895237e-07
