1009.0 3.2753812339134173e-13
1017.417 7.117064030341905e-12
1025.834 -2.163899194822817e-11
1034.25 -4.448136673147267e-11
1042.667 -3.578030273967447e-11
1051.084 -4.682942232869908e-11
1059.5 -5.6446100511531554e-11
1067.917 -6.25102700328216e-11
1076.333 -1.4142382101331501e-10
1084.75 -6.137724925837908e-10
1093.167 -4.040520864437315e-09
1101.583 -3.62070744540828e-09
1110.0 -1.988759760452987e-08
1118.417 -6.009302636708945e-08
1126.833 -1.637700297709572e-07
1135.25 -1.527724846675797e-07
1143.666 -1.3034119177085482e-07
1152.083 -3.8054021961038173e-07
1160.5 -4.742633575716244e-07
1168.916 -3.53010125288294e-07
1177.333 -1.7629354761863083e-07
1185.75 -1.075118801225393e-07
1194.166 -6.66137223289127e-08
1202.583 -3.7303408394466914e-08
1210.999 -1.4446689912558909e-08
1219.416 -4.670120504929409e-09
1227.833 -3.982469144834611e-09
1236.249 -2.8432220511401554e-09
1244.666 -1.333908388037306e-09
1253.083 -4.4668508714106035e-10
1261.499 -2.168524825137672e-10
1269.916 -1.8965038001851556e-10
1278.332 -2.4496217195449554e-10
1286.749 -2.3380602918386844e-10
1295.166 -5.696720971585565e-10
1303.582 -1.0592718737354149e-08
1311.999 -7.685665605548509e-08
1320.416 -1.1095986867663109e-07
1328.832 -1.8134966238297598e-07
1337.249 -2.6344483862799516e-07
1345.665 -3.378276966884502e-07
1354.082 -1.8922163199672618e-07
1362.499 -2.1794530514075722e-10
1370.915 8.377341726075914e-11
1379.332 1.3717966701961662e-10
1387.749 7.244395223372488e-11
1396.165 -6.700416170529882e-11
1404.582 -2.9966823391365844e-09
1412.999 -5.096485157822615e-08
1421.415 -1.5529543229229314e-07
1429.832 -1.291919551397248e-07
1438.248 -6.54662944439914e-08
1446.665 -4.5306858401872013e-08
1455.082 -3.561997243505632e-08
1463.498 -2.8033951072287068e-08
1471.915 -3.42413504865855e-08
1480.332 -2.7827121476679303e-08
1488.748 -1.1646254167647258e-08
1497.165 -6.316842493110946e-09
1505.581 -5.401028309009641e-09
1513.998 -3.693498178385183e-09
1522.415 -1.7414920460073505e-09
1530.831 -1.1801234645745184e-09
1539.248 -7.458254229691647e-10
1547.665 -7.021518425593888e-10
1556.081 -7.303037684024666e-10
1564.498 -7.781268664943171e-10
1572.914 -8.472704300144932e-10
1581.331 -5.034467956013239e-10
1589.748 -6.3321874725519e-10
1598.164 -4.0821438771399565e-09
1606.581 -2.3166265345108227e-08
1614.998 -6.826080583705703e-08
1623.414 -2.729195270741757e-07
1631.831 -7.2743145980555e-07
1640.247 -7.808758554459348e-07
1648.664 -8.029627482992973e-07
1657.081 -5.906836174157861e-07
1665.497 -1.368797533883297e-06
1673.914 -5.316575916617595e-07
1682.331 -4.844904761465081e-07
1690.747 -6.604718803456451e-07
1699.164 -9.194934836150341e-07
1707.58 -1.1910759403850342e-06
1715.997 -5.037494557980637e-07
1724.414 -9.753327644940566e-07
1732.83 -8.059342634547463e-07
1741.247 -4.440234858163905e-07
1749.664 -2.424241131447401e-07
1758.08 -1.6696765114674358e-07
1766.497 -3.5188856736201897e-07
1774.913 -5.933780441173005e-07
1783.33 -3.605759736534648e-07
1791.747 -6.478779385565096e-07
1800.163 -1.6162797864266912e-07
1808.58 -1.5288210295080126e-07
1816.997 -1.0706462014926433e-07
1825.413 -6.781662294124327e-10
1833.83 7.871896059112278e-10
1842.246 8.581886601021975e-10
1850.663 8.014684889857343e-10
1859.08 9.105117298925038e-10
1867.496 8.863555229631632e-10
1875.913 9.039768566344593e-10
1884.33 1.3218146537342457e-09
1892.746 1.2726552444695397e-09
1901.163 7.301461770200615e-10
1909.579 1.2634725335341915e-09
1917.996 1.54318253224101e-09
1926.413 1.6776912145359647e-09
1934.829 1.5751706496310918e-09
1943.246 -8.809484944505829e-10
1951.663 5.095922724818358e-09
1960.079 6.063438457978373e-09
1968.496 1.077446044268946e-09
1976.913 4.5693977700893464e-09
1985.329 6.7579982187684835e-09
1993.746 1.0667701164623241e-08
2002.162 1.2712170777491798e-08
2010.579 1.0819075537504248e-08
2018.996 1.1498286357018534e-08
2027.412 1.255990970772054e-08
2035.829 1.2030727019458338e-08
2044.246 1.3247461249908611e-08
2052.662 1.321412228637358e-08
2061.079 1.2811429202283946e-08
2069.495 1.3709397354485215e-08
2077.912 1.4296898977254699e-08
2086.329 1.3677492634145632e-08
2094.745 1.355705556448344e-08
2103.162 1.3430914284421007e-08
2111.579 8.126404261535973e-09
2119.995 -2.9023052194750884e-09
2128.412 -3.01072712654825e-08
2136.828 -1.1520237004983428e-07
2145.245 -2.8101540134404324e-07
2153.662 -5.297748979750745e-07
2162.078 -7.692645193310744e-07
2170.495 -8.327094476694487e-07
2178.912 -6.166992953878786e-07
2187.328 -3.6310673438294385e-07
2195.745 -1.7413693872687826e-06
2204.161 -3.657486805066618e-06
2212.578 -1.0770252902034523e-06
2220.995 -1.8991423948770181e-06
2229.411 -2.854381597550916e-06
2237.828 -3.949068960856491e-06
2246.245 -4.873730536783363e-06
2254.661 -5.304789824567404e-06
2263.078 -5.652988919642818e-06
2271.494 -4.949465095474701e-06
2279.911 -5.057942212462873e-06
2288.328 -6.399247279052473e-06
2296.744 -8.649260692506014e-06
2305.161 -6.696577126745687e-06
2313.578 -3.272694244710832e-06
2321.994 -7.439871274138405e-06
2330.411 -5.542646968473619e-06
2338.827 -8.708285127946576e-06
2347.244 -1.1028361039165448e-05
2355.661 -7.034012147860416e-06
2364.077 -4.311927746189444e-06
2372.494 -9.239720736159874e-06
2380.911 -5.436771495374777e-06
2389.327 -5.02961392781363e-06
2397.744 -4.7948383185410835e-06
2406.16 -3.6049499333160036e-06
2414.577 -1.9521209571370436e-06
2422.994 -2.8067316722670202e-06
2431.41 -2.001383340185527e-06
2439.827 -1.3636282122984851e-06
2448.244 -1.3245913626426263e-06
2456.66 -8.902216465462401e-07
2465.077 -5.336159416939657e-07
2473.494 -4.798220916988372e-07
2481.91 -3.162010361874316e-07
2490.327 -2.494403305780848e-07
2498.743 -2.633943769179319e-07
