1009.0 -2.933534987806286e-15
1017.417 -1.131902051793279e-12
1025.834 -1.2333442992849991e-11
1034.25 -3.1119365712311844e-11
1042.667 -5.543768142144704e-11
1051.084 -7.715698797755208e-11
1059.5 -1.1466256103591095e-10
1067.917 -1.275479676826488e-10
1076.333 -1.4518793726692504e-10
1084.75 -6.571674199160672e-10
1093.167 -4.207890660349281e-09
1101.583 -4.064545726728264e-09
1110.0 -2.4734799353830618e-08
1118.417 -7.315182147822988e-08
1126.833 -1.9325484858904023e-07
1135.25 -1.8744093253378278e-07
1143.666 -1.6924420655869045e-07
1152.083 -4.3347550485172555e-07
1160.5 -5.288805067149916e-07
1168.916 -3.9993159602482545e-07
1177.333 -2.2464489641143583e-07
1185.75 -1.487297047901053e-07
1194.166 -8.803653672293784e-08
1202.583 -4.341695520103267e-08
1210.999 -1.5031500078105846e-08
1219.416 -4.686917958350703e-09
1227.833 -4.478472185924583e-09
1236.249 -3.7190168135678243e-09
1244.666 -1.4173939253866079e-09
1253.083 -4.3912767498009756e-10
1261.499 -4.2265787454637163e-10
1269.916 -4.761302261158686e-10
1278.332 -3.8952694219793683e-10
1286.749 -4.568308153200311e-10
1295.166 -7.488021133432795e-10
1303.582 -1.4545667850199421e-08
1311.999 -9.101382897270784e-08
1320.416 -1.2561729911034852e-07
1328.832 -2.1668033843854005e-07
1337.249 -3.1071006113037056e-07
1345.665 -3.7866843457222684e-07
1354.082 -2.154191641773214e-07
1362.499 -2.951545070858204e-10
1370.915 1.089220270372346e-10
1379.332 6.194915220250009e-11
1387.749 7.90235253318265e-11
1396.165 -2.7836879561306542e-11
1404.582 -4.272322195501988e-09
1412.999 -6.61044952458288e-08
1421.415 -1.6985003376921838e-07
1429.832 -1.5759155833697444e-07
1438.248 -8.156945770735218e-08
1446.665 -5.762986971290773e-08
1455.082 -4.199240582568965e-08
1463.498 -3.3017901911913325e-08
1471.915 -3.8632746448471306e-08
1480.332 -3.3676185550542345e-08
1488.748 -1.4518631044382467e-08
1497.165 -8.331032194002976e-09
1505.581 -6.16505969325179e-09
1513.998 -4.413887679394607e-09
1522.415 -2.6514149663179545e-09
1530.831 -1.7773928955772802e-09
1539.248 -1.6397577059731635e-09
1547.665 -1.5311454618470315e-09
1556.081 -1.5390783318341858e-09
1564.498 -1.400535859971522e-09
1572.914 -1.3224952542013623e-09
1581.331 -1.2856761820871301e-09
1589.748 -1.5963233868124226e-09
1598.164 -4.83786365376452e-09
1606.581 -2.6294318777302253e-08
1614.998 -7.752774123687594e-08
1623.414 -2.8469567451155753e-07
1631.831 -8.648076590374227e-07
1640.247 -1.1920726178609824e-06
1648.664 -1.1381475545592561e-06
1657.081 -7.704596247775471e-07
1665.497 -2.0502912769974514e-06
1673.914 -7.125870033229853e-07
1682.331 -6.381118171010795e-07
1690.747 -8.127380006186511e-07
1699.164 -1.0103578069891606e-06
1707.58 -1.2736594703447633e-06
1715.997 -5.427780987756296e-07
1724.414 -1.048490386474494e-06
1732.83 -8.702323209267517e-07
1741.247 -4.868325267242482e-07
1749.664 -2.7619553881589476e-07
1758.08 -1.930605330582677e-07
1766.497 -3.917479291897994e-07
1774.913 -6.620314383554165e-07
1783.33 -4.202699718316954e-07
1791.747 -7.401131331399277e-07
1800.163 -2.0225518143828267e-07
1808.58 -1.9442551487300865e-07
1816.997 -1.290893138047197e-07
1825.413 -1.5705023326733009e-09
1833.83 7.965127847704759e-10
1842.246 7.739486962255879e-10
1850.663 6.83082829883352e-10
1859.08 8.490661807757467e-10
1867.496 9.643252330970322e-10
1875.913 7.533740208161323e-10
1884.33 1.0943471088782463e-09
1892.746 1.1356076027360352e-09
1901.163 9.596948009156737e-10
1909.579 1.021789458117971e-09
1917.996 1.1456157904568468e-09
1926.413 1.352119287826664e-10
1934.829 -1.9633722109413363e-08
1943.246 -3.942104226582012e-08
1951.663 -3.952773521430114e-08
1960.079 -4.3530318815981866e-08
1968.496 -4.8983071306796434e-08
1976.913 -4.617615020314291e-08
1985.329 -4.518734834205254e-08
1993.746 -4.253195034914286e-08
2002.162 -4.345496531621496e-08
2010.579 -4.459165329279563e-08
2018.996 -4.375518988553768e-08
2027.412 -4.377521528393662e-08
2035.829 -4.605755434367713e-08
2044.246 -4.708090836886068e-08
2052.662 -4.822475756659687e-08
2061.079 -4.961469406764144e-08
2069.495 -4.8029288003052944e-08
2077.912 -4.890259976749087e-08
2086.329 -4.956740700814477e-08
2094.745 -5.0231181478405535e-08
2103.162 -5.2286780190862265e-08
2111.579 -5.8100452841321374e-08
2119.995 -7.280948002779976e-08
2128.412 -1.0142105760298486e-07
2136.828 -1.873131482807008e-07
2145.245 -3.2245301583276945e-07
2153.662 -5.839233914071502e-07
2162.078 -8.842953010961998e-07
2170.495 -9.867783498489563e-07
2178.912 -7.787531068563286e-07
2187.328 -4.485815176913982e-07
2195.745 -2.317649557951462e-06
2204.161 -4.5202001582200815e-06
2212.578 -1.2334159887705299e-06
2220.995 -2.2455632096046045e-06
2229.411 -3.4297369702075714e-06
2237.828 -4.767039743605088e-06
2246.245 -6.0743321685290824e-06
2254.661 -6.573784981077654e-06
2263.078 -7.4842853195872796e-06
2271.494 -6.7260582043990324e-06
2279.911 -6.899862401535233e-06
2288.328 -8.319896446373614e-06
2296.744 -1.1231692076713722e-05
2305.161 -8.777665902955272e-06
2313.578 -5.737881224328094e-06
2321.994 -1.0324441676512043e-05
2330.411 -6.887342315877511e-06
2338.827 -1.139068075332762e-05
2347.244 -1.4946715074826731e-05
2355.661 -1.0300587272580415e-05
2364.077 -6.237714775239273e-06
2372.494 -1.4269874129860203e-05
2380.911 -7.654016794487767e-06
2389.327 -7.13755790713559e-06
2397.744 -6.287625375132136e-06
2406.16 -4.716763001778469e-06
2414.577 -2.411138358828681e-06
2422.994 -3.1427816737853598e-06
2431.41 -2.2685971406793395e-06
2439.827 -1.4633236017818116e-06
2448.244 -1.3929604034672866e-06
2456.66 -9.312479360737983e-07
2465.077 -5.667577845736727e-07
2473.494 -5.076192123195154e-07
2481.91 -3.2557266839557843e-07
2490.327 -2.502966764989532e-07
2498.743 -2.923119884461739e-07
