1009.0 0.0
1017.417 0.0
1025.834 -1.392825249075217e-18
1034.25 -7.214462028712236e-14
1042.667 -1.7348078199587097e-11
1051.084 -1.9330756740564146e-11
1059.5 -1.7847022875747556e-13
1067.917 -1.912209238975734e-11
1076.333 -3.0556284765217104e-11
1084.75 -1.3522427722909524e-09
1093.167 -4.245034725244881e-09
1101.583 -4.295679385852068e-09
1110.0 -1.3018844813264927e-08
1118.417 -4.822569590185581e-08
1126.833 -1.4201004089360094e-07
1135.25 -1.3185520010076423e-07
1143.666 -1.0516089138433415e-07
1152.083 -3.457005983502073e-07
1160.5 -4.087797081503757e-07
1168.916 -3.062278690534457e-07
1177.333 -1.6362475850187534e-07
1185.75 -1.0617504486168185e-07
1194.166 -6.68507771156309e-08
1202.583 -3.8859608905958316e-08
1210.999 -1.386838997930422e-08
1219.416 -6.057327247307178e-09
1227.833 -5.55567275414639e-09
1236.249 -2.769616412652399e-09
1244.666 -1.1592286212379182e-09
1253.083 -2.354645366852348e-10
1261.499 -4.130769354535801e-10
1269.916 -6.936875446304349e-10
1278.332 -7.017129945399583e-10
1286.749 -2.7358975140174053e-10
1295.166 -1.0742447128549588e-09
1303.582 -3.959026293272476e-09
1311.999 -6.205252607819547e-08
1320.416 -1.1985549876527591e-07
1328.832 -1.6573508028197043e-07
1337.249 -2.3683038513625264e-07
1345.665 -2.9548059351531174e-07
1354.082 -1.4768517228048403e-07
1362.499 -1.5441533413039769e-10
1370.915 1.8944020961312388e-10
1379.332 4.457628997505101e-10
1387.749 5.859461763966474e-10
1396.165 1.019390292182446e-10
1404.582 -2.7992616632468387e-09
1412.999 -3.6548436890153175e-08
1421.415 -9.665911301002442e-08
1429.832 -9.232983690774783e-08
1438.248 2.8899772897086927e-09
1446.665 -6.888050565533151e-08
1455.082 -2.5673569528350205e-08
1463.498 -3.336755505509796e-08
1471.915 -3.257405664658887e-08
1480.332 -3.163904038687192e-08
1488.748 -9.941895851024314e-09
1497.165 -4.598301585275191e-09
1505.581 -1.8892161036586413e-08
1513.998 -5.936768173204137e-09
1522.415 -4.823629254538595e-09
1530.831 -2.8285783780725744e-09
1539.248 -2.5401289653809943e-09
1547.665 -1.456148570954518e-09
1556.081 -2.4582842231557396e-09
1564.498 -3.4340284493439427e-09
1572.914 -1.0531099300193577e-09
1581.331 -3.494421949303273e-09
1589.748 -3.159373734239573e-09
1598.164 -6.721298320500049e-09
1606.581 -1.8197772489416866e-08
1614.998 -6.878818228871621e-08
1623.414 -2.791069998128159e-07
1631.831 -8.207393242844984e-07
1640.247 -1.0362888951492093e-06
1648.664 -9.8384665020764e-07
1657.081 -7.000754424087046e-07
1665.497 -1.8732785200195662e-06
1673.914 -6.47639805952161e-07
1682.331 -5.793441959851153e-07
1690.747 -6.750126315779736e-07
1699.164 -9.380457517983586e-07
1707.58 -1.2047852460534414e-06
1715.997 -5.064336110587619e-07
1724.414 -9.855660812056967e-07
1732.83 -8.00056282019281e-07
1741.247 -4.2040484652044815e-07
1749.664 -2.439067411221181e-07
1758.08 -1.8538688408153613e-07
1766.497 -3.3463309846065155e-07
1774.913 -5.633513758163486e-07
1783.33 -3.410429924156316e-07
1791.747 -6.394076620771573e-07
1800.163 -1.6024154302885645e-07
1808.58 -1.4342238086346637e-07
1816.997 -1.0084078420448905e-07
1825.413 -1.040965335413692e-09
1833.83 4.2583015841667245e-10
1842.246 3.2756815143550224e-11
1850.663 4.432319801513115e-10
1859.08 4.678273824962872e-10
1867.496 4.4580997136581747e-10
1875.913 7.375277357093439e-10
1884.33 1.0390964259502793e-09
1892.746 1.0025698640606102e-09
1901.163 1.0092427401233747e-09
1909.579 6.521348139296052e-10
1917.996 1.2578414201273387e-09
1926.413 7.820121927734818e-10
1934.829 -5.021804641982428e-09
1943.246 -2.2381868889860434e-08
1951.663 -4.156621859524757e-08
1960.079 -1.613558132863662e-08
1968.496 -2.003143674781655e-08
1976.913 -1.4273702025526835e-08
1985.329 -1.0065811421006298e-08
1993.746 -4.481929032417233e-09
2002.162 -6.640852434660787e-09
2010.579 -1.3146857052758667e-08
2018.996 -1.4507986985551834e-08
2027.412 -4.839340714407163e-09
2035.829 -1.0771972525594025e-08
2044.246 -9.897747857509922e-09
2052.662 -1.0012145443080126e-08
2061.079 -8.465814463497433e-09
2069.495 -9.255266092580027e-09
2077.912 -9.682691627447107e-09
2086.329 -8.76915182317111e-09
2094.745 -1.0582107788675995e-08
2103.162 -1.0993968096526748e-08
2111.579 -2.1781445849264728e-08
2119.995 -2.47463526882403e-08
2128.412 -5.1581497120644134e-08
2136.828 -1.3714346971950788e-07
2145.245 -2.822187473821341e-07
2153.662 -5.27924409373322e-07
2162.078 -7.904767729718647e-07
2170.495 -8.525856674045816e-07
2178.912 -6.940118119495182e-07
2187.328 -3.45605775470898e-07
2195.745 -2.074137845392447e-06
2204.161 -4.18976443843401e-06
2212.578 -1.182768889390944e-06
2220.995 -2.084879367071678e-06
2229.411 -3.2168742954026614e-06
2237.828 -4.412590283033197e-06
2246.245 -5.630468664369663e-06
2254.661 -6.289930752875649e-06
2263.078 -6.953214863001279e-06
2271.494 -6.299512263090753e-06
2279.911 -6.4022139745105275e-06
2288.328 -7.834402287198845e-06
2296.744 -1.0546933926577592e-05
2305.161 -8.108396999543858e-06
2313.578 -4.928105937573714e-06
2321.994 -9.313617910129141e-06
2330.411 -6.454574890500482e-06
2338.827 -1.0304119580201518e-05
2347.244 -1.314999164466699e-05
2355.661 -9.13395436694791e-06
2364.077 -5.749578457770108e-06
2372.494 -1.2208729389366909e-05
2380.911 -6.201982256585839e-06
2389.327 -6.1401135048905244e-06
2397.744 -5.548787788162713e-06
2406.16 -4.080133662872205e-06
2414.577 -2.0049781753971356e-06
2422.994 -2.7375458374248838e-06
2431.41 -2.045089299996864e-06
2439.827 -1.354519537174417e-06
2448.244 -1.1735337286304348e-06
2456.66 -8.289125390228763e-07
2465.077 -4.941937014140131e-07
2473.494 -3.431526859602445e-07
2481.91 -2.1535804155222054e-07
2490.327 -1.488656333499317e-07
2498.743 -1.8257611034782564e-07
