1009.0 -1.2968640408743553e-15
1017.417 -6.442134487551817e-13
1025.834 -7.02747368935228e-12
1034.25 -1.4474775236684276e-11
1042.667 -1.2062491686914441e-11
1051.084 -2.440094999682348e-11
1059.5 -4.2947340909291136e-11
1067.917 -6.156228725579061e-11
1076.333 -5.474066143982172e-11
1084.75 -6.538996082427971e-10
1093.167 -3.974630665888873e-09
1101.583 -3.821714418112947e-09
1110.0 -2.1270173913158447e-08
1118.417 -6.488707146647897e-08
1126.833 -1.7545683603056888e-07
1135.25 -1.6401592887747693e-07
1143.666 -1.4628961127482512e-07
1152.083 -4.01461734716062e-07
1160.5 -4.927142423002281e-07
1168.916 -3.609531909282572e-07
1177.333 -1.890970209059785e-07
1185.75 -1.2350853387906178e-07
1194.166 -7.525095118874536e-08
1202.583 -4.054479057806406e-08
1210.999 -1.4201820901866945e-08
1219.416 -4.451796660715408e-09
1227.833 -4.5257304953072915e-09
1236.249 -3.6747474705328905e-09
1244.666 -1.4286043812595304e-09
1253.083 -3.3726650839076626e-10
1261.499 -1.720641270352191e-10
1269.916 -1.821523752443306e-10
1278.332 -2.9593614528757767e-10
1286.749 -2.8163194306894414e-10
1295.166 -4.940974660141714e-10
1303.582 -1.2169390337670614e-08
1311.999 -8.227795300019053e-08
1320.416 -1.1687242355494084e-07
1328.832 -1.9705117199371033e-07
1337.249 -2.7579737076729084e-07
1345.665 -3.5057891231977974e-07
1354.082 -1.9593901944637856e-07
1362.499 -2.352531931333619e-10
1370.915 4.265731716973293e-11
1379.332 5.730471570496272e-11
1387.749 6.371776274283253e-11
1396.165 -2.922140858772867e-11
1404.582 -3.610528220011819e-09
1412.999 -5.8193812055840155e-08
1421.415 -1.6457470188276834e-07
1429.832 -1.513836422479217e-07
1438.248 -7.9240188129214e-08
1446.665 -5.378979981807197e-08
1455.082 -4.1394774296614774e-08
1463.498 -3.1657392296237157e-08
1471.915 -3.5323801053007823e-08
1480.332 -2.9414080083641145e-08
1488.748 -1.1125500732680739e-08
1497.165 -7.214902591288483e-09
1505.581 -5.989028036486619e-09
1513.998 -3.710419704611675e-09
1522.415 -8.404768608374972e-10
1530.831 -1.0964849371913481e-09
1539.248 -9.375481499713638e-10
1547.665 -8.082019187909712e-10
1556.081 -1.0778700496987902e-09
1564.498 -8.745764381320932e-10
1572.914 -9.285549136388039e-10
1581.331 -7.327893755646691e-10
1589.748 -8.926995907384954e-10
1598.164 -4.218513480492761e-09
1606.581 -2.3522360657082294e-08
1614.998 -7.198721540897197e-08
1623.414 -2.825749386737282e-07
1631.831 -7.963803248888979e-07
1640.247 -9.67715269540244e-07
1648.664 -9.456603773671303e-07
1657.081 -6.695917088357405e-07
1665.497 -1.6806013426815954e-06
1673.914 -6.21503211548716e-07
1682.331 -5.575565851559179e-07
1690.747 -7.369823970757428e-07
1699.164 -9.697470551690268e-07
1707.58 -1.228034836089093e-06
1715.997 -5.199198846525424e-07
1724.414 -1.0078659416227627e-06
1732.83 -8.315041735633026e-07
1741.247 -4.5904018245882905e-07
1749.664 -2.5617380597026214e-07
1758.08 -1.7588225630466874e-07
1766.497 -3.617359640446414e-07
1774.913 -6.204953984653668e-07
1783.33 -3.7730064812567215e-07
1791.747 -6.760263289945264e-07
1800.163 -1.6756360589520466e-07
1808.58 -1.6319747157017392e-07
1816.997 -1.159959320759973e-07
1825.413 -1.0109985479324278e-09
1833.83 7.244863774887776e-10
1842.246 8.715890992757642e-10
1850.663 8.290916448359385e-10
1859.08 7.988686132404942e-10
1867.496 8.596014217236768e-10
1875.913 9.0934816149535e-10
1884.33 1.483890703950758e-09
1892.746 1.4246799927146856e-09
1901.163 1.0138697531856463e-09
1909.579 1.147086061683016e-09
1917.996 1.645363523893964e-09
1926.413 1.7302721874715129e-09
1934.829 -2.5595011364382398e-11
1943.246 -8.036011845348151e-09
1951.663 4.626592438540863e-10
1960.079 1.9136723081952756e-10
1968.496 -6.242748585455073e-09
1976.913 -1.768142270659048e-09
1985.329 4.908735193594382e-10
1993.746 3.5355843920712485e-09
2002.162 3.2753348174084316e-09
2010.579 3.4574414775074475e-09
2018.996 4.268785618447038e-09
2027.412 5.192431472535243e-09
2035.829 5.175219494765328e-09
2044.246 5.345875662096977e-09
2052.662 4.622767646521405e-09
2061.079 4.615954322033625e-09
2069.495 5.663943103739072e-09
2077.912 5.314061008194004e-09
2086.329 5.767199558467525e-09
2094.745 4.382757518803835e-09
2103.162 3.6034408779985566e-09
2111.579 4.263515020487777e-10
2119.995 -1.0058775497504873e-08
2128.412 -3.8069911183053075e-08
2136.828 -1.282971055555501e-07
2145.245 -2.9478810504222323e-07
2153.662 -5.621585665584935e-07
2162.078 -8.320474704541342e-07
2170.495 -9.139275433631785e-07
2178.912 -6.957831035858304e-07
2187.328 -3.97447768387136e-07
2195.745 -2.028817359819691e-06
2204.161 -4.088033520958454e-06
2212.578 -1.1518732312793342e-06
2220.995 -2.0586315031195156e-06
2229.411 -3.1275065572807733e-06
2237.828 -4.358917912318137e-06
2246.245 -5.466295419849561e-06
2254.661 -5.90646585225425e-06
2263.078 -6.5308352489936215e-06
2271.494 -5.748110975263035e-06
2279.911 -5.870721835253441e-06
2288.328 -7.256264911308695e-06
2296.744 -9.864445835486434e-06
2305.161 -7.647528624045362e-06
2313.578 -4.356505516692418e-06
2321.994 -8.791779492077569e-06
2330.411 -6.156142109347793e-06
2338.827 -9.992237252279333e-06
2347.244 -1.2868361844014925e-05
2355.661 -8.427363489594644e-06
2364.077 -5.1099135823289185e-06
2372.494 -1.1498552789652763e-05
2380.911 -6.434156723597985e-06
2389.327 -5.9842647878616924e-06
2397.744 -5.51655832163847e-06
2406.16 -4.1308264588334935e-06
2414.577 -2.1721486927726172e-06
2422.994 -2.968899119512494e-06
2431.41 -2.134002973737631e-06
2439.827 -1.4022165802878446e-06
2448.244 -1.3445903121486302e-06
2456.66 -8.936985252372815e-07
2465.077 -5.409822142254984e-07
2473.494 -4.932627777794328e-07
2481.91 -3.2065128743995004e-07
2490.327 -2.50189203864252e-07
2498.743 -2.7911829655312976e-07
