1009.0 -3.1572882075905518e-15
1017.417 -1.7239378644551187e-12
1025.834 -1.8888623239302807e-11
1034.25 -3.17202189386929e-11
1042.667 -4.0951981029052326e-11
1051.084 -6.68682404554427e-11
1059.5 -9.81545012521255e-11
1067.917 -9.247758134099752e-11
1076.333 -1.0296316503579593e-10
1084.75 -6.508178075811719e-10
1093.167 -4.143659721439409e-09
1101.583 -4.0096995732626235e-09
1110.0 -2.3745634300927727e-08
1118.417 -7.041700899784782e-08
1126.833 -1.845019563779017e-07
1135.25 -1.7629936641885677e-07
1143.666 -1.5858804054280582e-07
1152.083 -4.165662783421604e-07
1160.5 -5.119123036182142e-07
1168.916 -3.818620847657631e-07
1177.333 -2.0686403906643277e-07
1185.75 -1.392007054502653e-07
1194.166 -8.283246548647683e-08
1202.583 -4.2074159910786316e-08
1210.999 -1.473552998259962e-08
1219.416 -4.683110435071636e-09
1227.833 -4.491809694070455e-09
1236.249 -3.6667799109928684e-09
1244.666 -1.4033464872183264e-09
1253.083 -3.9870587684377513e-10
1261.499 -3.112061785126928e-10
1269.916 -4.026097456465197e-10
1278.332 -3.731550090481058e-10
1286.749 -3.745802314568908e-10
1295.166 -6.428506366031846e-10
1303.582 -1.3457655125474076e-08
1311.999 -8.704123993354053e-08
1320.416 -1.2187793796285783e-07
1328.832 -2.07204895780995e-07
1337.249 -2.972949375034521e-07
1345.665 -3.665806679913e-07
1354.082 -2.0871072563789287e-07
1362.499 -2.6777700923163353e-10
1370.915 8.448025143260182e-11
1379.332 4.809752144544079e-11
1387.749 5.843367975540582e-11
1396.165 -5.416424832552229e-11
1404.582 -4.1210090835097125e-09
1412.999 -6.351806555653798e-08
1421.415 -1.6861448628599458e-07
1429.832 -1.548263764369341e-07
1438.248 -7.847534805151767e-08
1446.665 -5.5332427861602274e-08
1455.082 -4.0253061373391955e-08
1463.498 -3.157977525822665e-08
1471.915 -3.6182540214293366e-08
1480.332 -3.104000480413456e-08
1488.748 -1.3955215765674811e-08
1497.165 -8.06865426757953e-09
1505.581 -5.831042411799505e-09
1513.998 -3.967988749534274e-09
1522.415 -2.2421587791818613e-09
1530.831 -1.5263570578746564e-09
1539.248 -1.3506311247007944e-09
1547.665 -1.1890131887428643e-09
1556.081 -1.275692362725417e-09
1564.498 -1.156239453447148e-09
1572.914 -1.092667339055458e-09
1581.331 -9.621935647986153e-10
1589.748 -1.2962363474687774e-09
1598.164 -4.5596142519523475e-09
1606.581 -2.4882642364657415e-08
1614.998 -7.51124673806778e-08
1623.414 -2.849025146709734e-07
1631.831 -8.368836209925557e-07
1640.247 -1.0941220977092997e-06
1648.664 -1.0518476572758143e-06
1657.081 -7.27018589086827e-07
1665.497 -1.8892480764409198e-06
1673.914 -6.716764061585402e-07
1682.331 -6.043751579850171e-07
1690.747 -7.804029469530913e-07
1699.164 -9.931116905509442e-07
1707.58 -1.2540332178745993e-06
1715.997 -5.324393224108368e-07
1724.414 -1.0311950928829496e-06
1732.83 -8.524491809209072e-07
1741.247 -4.7315423709461076e-07
1749.664 -2.656929602445703e-07
1758.08 -1.8454696259441973e-07
1766.497 -3.7583940614756343e-07
1774.913 -6.39200337832721e-07
1783.33 -3.9998935589450683e-07
1791.747 -7.109272072207755e-07
1800.163 -1.8767576567232397e-07
1808.58 -1.7972254180485902e-07
1816.997 -1.2244946532123013e-07
1825.413 -1.2519994110348338e-09
1833.83 7.974520567290955e-10
1842.246 7.847465223426997e-10
1850.663 7.949463290142265e-10
1859.08 8.851146660213319e-10
1867.496 9.013292496377568e-10
1875.913 8.154926466731e-10
1884.33 1.233368924690739e-09
1892.746 1.232009967084539e-09
1901.163 1.0521214449626987e-09
1909.579 1.0522105580437824e-09
1917.996 1.397162904078986e-09
1926.413 9.153318320022949e-10
1934.829 -1.010824609425001e-08
1943.246 -2.3862414421501245e-08
1951.663 -2.0264799132565962e-08
1960.079 -2.1901972311836868e-08
1968.496 -2.6023866700715694e-08
1976.913 -2.3857832747911934e-08
1985.329 -2.2144495020687974e-08
1993.746 -1.9617192289349983e-08
2002.162 -2.0263889112839942e-08
2010.579 -2.023235814767656e-08
2018.996 -1.9564431383849055e-08
2027.412 -1.9262476048814535e-08
2035.829 -2.04593898052099e-08
2044.246 -2.0891275022472694e-08
2052.662 -2.153520452912392e-08
2061.079 -2.2215598689535263e-08
2069.495 -2.103700117583112e-08
2077.912 -2.1545729117508513e-08
2086.329 -2.1878422643515148e-08
2094.745 -2.235497179626343e-08
2103.162 -2.4127720920386824e-08
2111.579 -2.9132278800442226e-08
2119.995 -4.136146628666035e-08
2128.412 -6.965801790762923e-08
2136.828 -1.5701490586571884e-07
2145.245 -3.0862039393833554e-07
2153.662 -5.737664712028743e-07
2162.078 -8.642277667068922e-07
2170.495 -9.554964488379723e-07
2178.912 -7.404389423943143e-07
2187.328 -4.2509989946798117e-07
2195.745 -2.190969832816074e-06
2204.161 -4.335109667247808e-06
2212.578 -1.200624440128658e-06
2220.995 -2.1649787558194562e-06
2229.411 -3.3006193712554697e-06
2237.828 -4.592289807628328e-06
2246.245 -5.813149365438468e-06
2254.661 -6.292624389339724e-06
2263.078 -7.070523200985897e-06
2271.494 -6.29728124314879e-06
2279.911 -6.446095078623485e-06
2288.328 -7.852744013535756e-06
2296.744 -1.063898155507376e-05
2305.161 -8.286750619183053e-06
2313.578 -5.134099886586535e-06
2321.994 -9.65723375449442e-06
2330.411 -6.574300026863254e-06
2338.827 -1.0785845105479045e-05
2347.244 -1.4037619200488827e-05
2355.661 -9.474065471657023e-06
2364.077 -5.740735831628352e-06
2372.494 -1.3058388389823474e-05
2380.911 -7.121858726805493e-06
2389.327 -6.632618238438201e-06
2397.744 -5.952634181284792e-06
2406.16 -4.460710586446022e-06
2414.577 -2.3107664061598494e-06
2422.994 -3.0692300916324166e-06
2431.41 -2.210247865200302e-06
2439.827 -1.4347072388800124e-06
2448.244 -1.368922678110783e-06
2456.66 -9.133947842918354e-07
2465.077 -5.553662983819718e-07
2473.494 -4.990403982445304e-07
2481.91 -3.174334618344347e-07
2490.327 -2.502106094920844e-07
2498.743 -2.8515256655478395e-07
