1009.0 -2.1959728155271903e-14
1017.417 -1.41411112439949e-12
1025.834 -1.3268141356807039e-11
1034.25 -2.754760094629675e-11
1042.667 -3.626306928956551e-11
1051.084 -5.09121588362372e-11
1059.5 -7.626062337678273e-11
1067.917 -6.176317661452207e-11
1076.333 -8.152040477187466e-11
1084.75 -6.447273911638661e-10
1093.167 -4.019017491411714e-09
1101.583 -3.901189430888801e-09
1110.0 -2.2632370967463466e-08
1118.417 -6.610705844991348e-08
1126.833 -1.7429406016061951e-07
1135.25 -1.641535459350757e-07
1143.666 -1.4580535218602784e-07
1152.083 -4.007770758753017e-07
1160.5 -4.920392797047809e-07
1168.916 -3.6627904933424017e-07
1177.333 -1.8975503178231688e-07
1185.75 -1.2359158332953897e-07
1194.166 -7.530831242615514e-08
1202.583 -3.972576816851282e-08
1210.999 -1.4630106359266429e-08
1219.416 -4.579040215942589e-09
1227.833 -4.411545239884627e-09
1236.249 -3.557108315170046e-09
1244.666 -1.3762514499351504e-09
1253.083 -3.851536568685101e-10
1261.499 -2.6013740797078377e-10
1269.916 -2.7501872075707295e-10
1278.332 -3.1209890995928037e-10
1286.749 -3.169378554372801e-10
1295.166 -5.561989747868555e-10
1303.582 -1.244696092008813e-08
1311.999 -8.232826723327729e-08
1320.416 -1.1710567879049546e-07
1328.832 -1.941830224419181e-07
1337.249 -2.8128459020210875e-07
1345.665 -3.4931276062521964e-07
1354.082 -1.9830291754299927e-07
1362.499 -2.5042274855682806e-10
1370.915 7.684524108091311e-11
1379.332 6.344880091384216e-11
1387.749 7.246763437636838e-11
1396.165 -3.471219268425203e-11
1404.582 -3.830271721120996e-09
1412.999 -6.027748643350815e-08
1421.415 -1.6004989622977923e-07
1429.832 -1.4409209240368855e-07
1438.248 -7.240797155487259e-08
1446.665 -5.1769058396823194e-08
1455.082 -3.752943531820284e-08
1463.498 -2.961151220429743e-08
1471.915 -3.446132058898989e-08
1480.332 -2.8886275135023997e-08
1488.748 -1.288609974606983e-08
1497.165 -7.585760616321325e-09
1505.581 -5.578300031237155e-09
1513.998 -3.661716389106846e-09
1522.415 -1.967394452146178e-09
1530.831 -1.3208164557166985e-09
1539.248 -1.0867763795141106e-09
1547.665 -9.891222225673215e-10
1556.081 -1.022218389400568e-09
1564.498 -9.188706225882072e-10
1572.914 -8.786505881345289e-10
1581.331 -7.53772190790425e-10
1589.748 -1.0205342375492831e-09
1598.164 -4.281182404819224e-09
1606.581 -2.3915495164716454e-08
1614.998 -7.239923648290109e-08
1623.414 -2.806923821736939e-07
1631.831 -7.89234067202522e-07
1640.247 -9.527205851863873e-07
1648.664 -9.367690976906942e-07
1657.081 -6.644326836619698e-07
1665.497 -1.6567682854499028e-06
1673.914 -6.104991559559069e-07
1682.331 -5.524702822481501e-07
1690.747 -7.287817934047178e-07
1699.164 -9.62690373776065e-07
1707.58 -1.2257287380129524e-06
1715.997 -5.183684795650416e-07
1724.414 -1.005324632952662e-06
1732.83 -8.298147291563631e-07
1741.247 -4.593323975048333e-07
1749.664 -2.543957677978458e-07
1758.08 -1.7575213284926734e-07
1766.497 -3.631573007845103e-07
1774.913 -6.176808117158901e-07
1783.33 -3.795346900146687e-07
1791.747 -6.81185161006521e-07
1800.163 -1.716083783919279e-07
1808.58 -1.6634739601816132e-07
1816.997 -1.155784568008491e-07
1825.413 -9.43280976894643e-10
1833.83 8.275802411091686e-10
1842.246 8.177321428126435e-10
1850.663 8.161839998278642e-10
1859.08 8.829610027923696e-10
1867.496 8.866604492000286e-10
1875.913 8.606276955676731e-10
1884.33 1.3096978135306293e-09
1892.746 1.2955701930661146e-09
1901.163 1.036284303962167e-09
1909.579 1.1170271292486405e-09
1917.996 1.4873511599271335e-09
1926.413 1.4078458707739014e-09
1934.829 -3.5456534792721653e-09
1943.246 -1.0241016569675192e-08
1951.663 -5.472144633457728e-09
1960.079 -5.6230398470991475e-09
1968.496 -9.207592694941612e-09
1976.913 -6.516531141664186e-09
1985.329 -4.474893062367195e-09
1993.746 -1.8087455422124922e-09
2002.162 -2.0105033605353824e-09
2010.579 -1.853160889533265e-09
2018.996 -1.1365619573211157e-09
2027.412 -4.2397860930747046e-10
2035.829 -9.32172782522258e-10
2044.246 -9.55736412777351e-10
2052.662 -1.193261312535324e-09
2061.079 -1.3104693097722072e-09
2069.495 -4.4955713693814637e-10
2077.912 -6.505520891966645e-10
2086.329 -7.995250565073414e-10
2094.745 -1.056721931998738e-09
2103.162 -2.3731535295669325e-09
2111.579 -6.923802468781323e-09
2119.995 -1.8735518252335243e-08
2128.412 -4.680813448974783e-08
2136.828 -1.3311297705319428e-07
2145.245 -2.9410180460152235e-07
2153.662 -5.555927119075546e-07
2162.078 -8.23870242003685e-07
2170.495 -9.041064353371453e-07
2178.912 -6.872907950519716e-07
2187.328 -3.9571206098835377e-07
2195.745 -1.9971107164092467e-06
2204.161 -4.0434134910381275e-06
2212.578 -1.1499606506702644e-06
2220.995 -2.049650349548505e-06
2229.411 -3.1049344298591726e-06
2237.828 -4.3144549139529444e-06
2246.245 -5.406338359033584e-06
2254.661 -5.858741614059309e-06
2263.078 -6.448993504680115e-06
2271.494 -5.690641112191888e-06
2279.911 -5.820214677874492e-06
2288.328 -7.202027790628261e-06
2296.744 -9.76387998432854e-06
2305.161 -7.582097631144618e-06
2313.578 -4.292362093641445e-06
2321.994 -8.6835284474341e-06
2330.411 -6.121581268911268e-06
2338.827 -9.873535035184536e-06
2347.244 -1.2700838723904663e-05
2355.661 -8.360985818960926e-06
2364.077 -5.082358141158966e-06
2372.494 -1.1337721985467166e-05
2380.911 -6.3664673783336895e-06
2389.327 -5.912206629183204e-06
2397.744 -5.447538589103394e-06
2406.16 -4.083475938824702e-06
2414.577 -2.1525793156452925e-06
2422.994 -2.9540120747431253e-06
2431.41 -2.1199521854716704e-06
2439.827 -1.4019827848727653e-06
2448.244 -1.3433975531360016e-06
2456.66 -9.009954384432576e-07
2465.077 -5.470812942929489e-07
2473.494 -4.922944279559199e-07
2481.91 -3.1614494703619385e-07
2490.327 -2.4920409872941413e-07
2498.743 -2.744315522993514e-07
