1009.0 -3.733872604696473e-19
1017.417 -1.30934703465886e-14
1025.834 -2.5693204307205885e-12
1034.25 -3.206422373295908e-11
1042.667 -4.928907253615555e-11
1051.084 -3.4384268504745736e-11
1059.5 -6.273174248495485e-11
1067.917 -1.9788117024377057e-11
1076.333 -6.493160729286428e-11
1084.75 -6.387088367604352e-10
1093.167 -3.929496007994625e-09
1101.583 -3.823355403371567e-09
1110.0 -2.1952936777665635e-08
1118.417 -6.429943008609327e-08
1126.833 -1.7103463014281847e-07
1135.25 -1.557725095149431e-07
1143.666 -1.3878896006353277e-07
1152.083 -3.919608243321042e-07
1160.5 -4.818744518887677e-07
1168.916 -3.577245620078229e-07
1177.333 -1.7798589962876335e-07
1185.75 -1.138033671777099e-07
1194.166 -7.2290281819954e-08
1202.583 -3.989905520074223e-08
1210.999 -1.4371123188183326e-08
1219.416 -4.4437130602926194e-09
1227.833 -4.19053866801372e-09
1236.249 -3.488713604293546e-09
1244.666 -1.2635799538216409e-09
1253.083 -3.2848457931993007e-10
1261.499 -2.2989536671640195e-10
1269.916 -1.5525094190996035e-10
1278.332 -3.024061209141762e-10
1286.749 -4.0268510303346334e-10
1295.166 -4.4373594626664403e-10
1303.582 -1.200644300741386e-08
1311.999 -8.069246112428231e-08
1320.416 -1.1437476745434554e-07
1328.832 -1.8784681120155253e-07
1337.249 -2.7560516749386665e-07
1345.665 -3.390146644251516e-07
1354.082 -1.9279182354735435e-07
1362.499 -2.3391797372275453e-10
1370.915 2.024173965789912e-11
1379.332 5.304143466632319e-11
1387.749 9.690229492301686e-11
1396.165 4.323510123469123e-12
1404.582 -4.072089498792317e-09
1412.999 -6.4129439560625e-08
1421.415 -1.5491533238034982e-07
1429.832 -1.4430501695206977e-07
1438.248 -6.912939855416369e-08
1446.665 -4.463124880465962e-08
1455.082 -3.42045784019899e-08
1463.498 -2.8428652607460452e-08
1471.915 -3.1207596639801626e-08
1480.332 -2.6873026926965164e-08
1488.748 -1.2762555905710955e-08
1497.165 -8.068942838954985e-09
1505.581 -5.726445650937855e-09
1513.998 -3.480485429631426e-09
1522.415 -2.0186813287013937e-09
1530.831 -9.79035494677505e-10
1539.248 -1.0999563803187803e-09
1547.665 -1.0958138351057091e-09
1556.081 -9.623116631018288e-10
1564.498 -7.828652205479394e-10
1572.914 -6.457119693283523e-10
1581.331 -6.952220884344743e-10
1589.748 -7.942949188920983e-10
1598.164 -3.987916485335842e-09
1606.581 -2.3105503455653518e-08
1614.998 -7.334665047092535e-08
1623.414 -2.8086461387383767e-07
1631.831 -7.688076935667532e-07
1640.247 -8.922314054364984e-07
1648.664 -8.863017262229291e-07
1657.081 -6.360789146555332e-07
1665.497 -1.5573129135203425e-06
1673.914 -5.855712310337399e-07
1682.331 -5.341816567217336e-07
1690.747 -7.102845622103786e-07
1699.164 -9.495668985557565e-07
1707.58 -1.2144925677624065e-06
1715.997 -5.112691548109232e-07
1724.414 -9.938439940489327e-07
1732.83 -8.203051487234523e-07
1741.247 -4.5430803658827954e-07
1749.664 -2.476310683100379e-07
1758.08 -1.7188735520569422e-07
1766.497 -3.56945972613195e-07
1774.913 -6.045291619544831e-07
1783.33 -3.683210630787297e-07
1791.747 -6.692520612881589e-07
1800.163 -1.6238268974705e-07
1808.58 -1.6266839572498412e-07
1816.997 -1.1435922386020939e-07
1825.413 -5.614588804178862e-10
1833.83 9.199826616017184e-10
1842.246 7.661024527788323e-10
1850.663 7.157685593267204e-10
1859.08 8.567270353672306e-10
1867.496 8.917586186289596e-10
1875.913 7.515884799458613e-10
1884.33 1.3539522795811584e-09
1892.746 1.3944910835301246e-09
1901.163 9.199963744257269e-10
1909.579 1.1961353803251005e-09
1917.996 1.5140966161240488e-09
1926.413 1.6119202860495593e-09
1934.829 -1.2743788275566645e-09
1943.246 1.0204304171710243e-09
1951.663 3.6301637948255553e-09
1960.079 3.0223484749995967e-09
1968.496 -9.34183270414414e-11
1976.913 5.470544276024031e-09
1985.329 7.973567542824186e-09
1993.746 8.573833203827071e-09
2002.162 7.567190660550678e-09
2010.579 7.901427067941328e-09
2018.996 8.38562003124536e-09
2027.412 9.732720440400352e-09
2035.829 9.745450083006069e-09
2044.246 9.607703952560046e-09
2052.662 1.013394000956547e-08
2061.079 1.1070587206965454e-08
2069.495 1.1123307509436938e-08
2077.912 1.1553556714808298e-08
2086.329 1.0348135796664913e-08
2094.745 1.1432758251918327e-08
2103.162 9.765051604018872e-09
2111.579 6.029816070218525e-09
2119.995 -6.9841971365848906e-09
2128.412 -3.5574650553211174e-08
2136.828 -1.2072749627776407e-07
2145.245 -2.909994486571267e-07
2153.662 -5.494664067791888e-07
2162.078 -8.051313364986738e-07
2170.495 -8.842265496616358e-07
2178.912 -6.643837091963822e-07
2187.328 -3.825846263319744e-07
2195.745 -1.9197795563253773e-06
2204.161 -3.92614887061846e-06
2212.578 -1.12847546135221e-06
2220.995 -2.0045071721159993e-06
2229.411 -3.030709947172388e-06
2237.828 -4.205546715171151e-06
2246.245 -5.2421511676611736e-06
2254.661 -5.6852465554194175e-06
2263.078 -6.195398507587949e-06
2271.494 -5.43101053968618e-06
2279.911 -5.54879830080562e-06
2288.328 -6.9256314958197846e-06
2296.744 -9.398560121200776e-06
2305.161 -7.287059401531259e-06
2313.578 -3.928935132916616e-06
2321.994 -8.278343430918862e-06
2330.411 -5.93516653849677e-06
2338.827 -9.496795822757935e-06
2347.244 -1.2132689390215251e-05
2355.661 -7.869239793004504e-06
2364.077 -4.786201784352365e-06
2372.494 -1.0584832476092403e-05
2380.911 -6.038692874981626e-06
2389.327 -5.590519130860322e-06
2397.744 -5.23886426658675e-06
2406.16 -3.929427335633203e-06
2414.577 -2.0848311500298343e-06
2422.994 -2.9031144321451586e-06
2431.41 -2.0801329618155477e-06
2439.827 -1.388846154840002e-06
2448.244 -1.3258571393732662e-06
2456.66 -8.937648228409507e-07
2465.077 -5.472170405125886e-07
2473.494 -4.942144887822823e-07
2481.91 -3.2046590567388764e-07
2490.327 -2.4722951425390285e-07
2498.743 -2.645226687127412e-07
