1009.0 -3.2195223752335378e-15
1017.417 -1.592658823833751e-12
1025.834 -1.7532918636038816e-11
1034.25 -3.350017700694643e-11
1042.667 -4.8593786265017706e-11
1051.084 -7.676178884333986e-11
1059.5 -1.1063908485054569e-10
1067.917 -1.097790193058627e-10
1076.333 -1.2615165970960245e-10
1084.75 -6.503220281420308e-10
1093.167 -4.1847978433716115e-09
1101.583 -4.048462213978501e-09
1110.0 -2.442514251751275e-08
1118.417 -7.218305198735584e-08
1126.833 -1.8920337936613068e-07
1135.25 -1.8247076344194895e-07
1143.666 -1.6485782697221106e-07
1152.083 -4.248957488542191e-07
1160.5 -5.211505245966838e-07
1168.916 -3.913859995867241e-07
1177.333 -2.163112339878738e-07
1185.75 -1.4518826136186352e-07
1194.166 -8.592948438280439e-08
1202.583 -4.277475869835748e-08
1210.999 -1.486345981707423e-08
1219.416 -4.698536374648369e-09
1227.833 -4.4964544444774265e-09
1236.249 -3.6974711704030087e-09
1244.666 -1.4214459213357448e-09
1253.083 -4.237985350879543e-10
1261.499 -3.669038432904316e-10
1269.916 -4.580652580553323e-10
1278.332 -3.8834279931543777e-10
1286.749 -4.1603669892005726e-10
1295.166 -6.970882927933251e-10
1303.582 -1.4023063332486982e-08
1311.999 -8.915706965195678e-08
1320.416 -1.238396953471817e-07
1328.832 -2.122903147989241e-07
1337.249 -3.0551287620050884e-07
1345.665 -3.738205369777292e-07
1354.082 -2.1328506834983716e-07
1362.499 -2.841274420156933e-10
1370.915 1.0236782122272896e-10
1379.332 5.2793879655108966e-11
1387.749 6.489043436372082e-11
1396.165 -5.0863578627486194e-11
1404.582 -4.25637125669026e-09
1412.999 -6.531242432507434e-08
1421.415 -1.696384187505239e-07
1429.832 -1.5674525962170332e-07
1438.248 -7.979203072039564e-08
1446.665 -5.627778488049629e-08
1455.082 -4.0832157915988376e-08
1463.498 -3.211279289396624e-08
1471.915 -3.7312201377750355e-08
1480.332 -3.226494585695597e-08
1488.748 -1.4466683730704254e-08
1497.165 -8.218182980832675e-09
1505.581 -5.935095736572068e-09
1513.998 -4.1708602741567765e-09
1522.415 -2.57184198658536e-09
1530.831 -1.6824099540171937e-09
1539.248 -1.5193751237730048e-09
1547.665 -1.3649164687467532e-09
1556.081 -1.3930024851300703e-09
1564.498 -1.2765850887275064e-09
1572.914 -1.2056282196900176e-09
1581.331 -1.1111792819309921e-09
1589.748 -1.4564079246196641e-09
1598.164 -4.692123069680848e-09
1606.581 -2.5619295686445394e-08
1614.998 -7.661623152370428e-08
1623.414 -2.853546300237306e-07
1631.831 -8.535403162031983e-07
1640.247 -1.1496211273724565e-06
1648.664 -1.0999184446484914e-06
1657.081 -7.520799387819226e-07
1665.497 -1.9807042467314188e-06
1673.914 -6.944051959078976e-07
1682.331 -6.239971761345747e-07
1690.747 -7.989969104331796e-07
1699.164 -1.002980916716932e-06
1707.58 -1.2650276800587375e-06
1715.997 -5.379319351287689e-07
1724.414 -1.0411016784526307e-06
1732.83 -8.622585177865436e-07
1741.247 -4.801058014998108e-07
1749.664 -2.707837812049605e-07
1758.08 -1.8891962226250372e-07
1766.497 -3.833904011908874e-07
1774.913 -6.5009676535521e-07
1783.33 -4.1065977128838906e-07
1791.747 -7.266057919608703e-07
1800.163 -1.959065478328459e-07
1808.58 -1.8764737437465008e-07
1816.997 -1.2591346163091943e-07
1825.413 -1.4088169213600382e-09
1833.83 8.214776329846649e-10
1842.246 7.699500267671244e-10
1850.663 7.449606408912526e-10
1859.08 8.89260653157835e-10
1867.496 9.356243672200403e-10
1875.913 7.789477792859992e-10
1884.33 1.1495654532259117e-09
1892.746 1.176386940445425e-09
1901.163 1.0240492054472084e-09
1909.579 1.0062575944106714e-09
1917.996 1.256651315442781e-09
1926.413 5.06585217084811e-10
1934.829 -1.502340686135252e-08
1943.246 -3.1839464710229e-08
1951.663 -3.016264782553686e-08
1960.079 -3.283388004112935e-08
1968.496 -3.709310817048981e-08
1976.913 -3.511274084327524e-08
1985.329 -3.372406428838491e-08
1993.746 -3.126397121113516e-08
2002.162 -3.2032315118633916e-08
2010.579 -3.244464721679109e-08
2018.996 -3.176160193495756e-08
2027.412 -3.1633130421981674e-08
2035.829 -3.3410516435963105e-08
2044.246 -3.4183441121887546e-08
2052.662 -3.497649004265025e-08
2061.079 -3.597923368742637e-08
2069.495 -3.4641589974032427e-08
2077.912 -3.526378658422577e-08
2086.329 -3.5865672947782136e-08
2094.745 -3.632371568831185e-08
2103.162 -3.8372501352172766e-08
2111.579 -4.39389135806065e-08
2119.995 -5.7262916094946525e-08
2128.412 -8.574395099375927e-08
2136.828 -1.7213122456191643e-07
2145.245 -3.1577553987420476e-07
2153.662 -5.793959285589565e-07
2162.078 -8.772705774601129e-07
2170.495 -9.736520312627785e-07
2178.912 -7.613965349567352e-07
2187.328 -4.3815664718187795e-07
2195.745 -2.2633572246230872e-06
2204.161 -4.4415404046233555e-06
2212.578 -1.2201928942391755e-06
2220.995 -2.2110274669778538e-06
2229.411 -3.3754031103992362e-06
2237.828 -4.693385284257737e-06
2246.245 -5.9636084723050074e-06
2254.661 -6.4566662291353e-06
2263.078 -7.3073629543196675e-06
2271.494 -6.539499901492852e-06
2279.911 -6.701570570148975e-06
2288.328 -8.115976166126982e-06
2296.744 -1.0976815005523894e-05
2305.161 -8.566464529723644e-06
2313.578 -5.47582156079126e-06
2321.994 -1.0036865241863742e-05
2330.411 -6.754031783923811e-06
2338.827 -1.1130889492620037e-05
2347.244 -1.4552575853379017e-05
2355.661 -9.93788524716107e-06
2364.077 -6.0205893215162676e-06
2372.494 -1.3743992492898046e-05
2380.911 -7.423156849697525e-06
2389.327 -6.918325767872879e-06
2397.744 -6.142946599543632e-06
2406.16 -4.605527733143351e-06
2414.577 -2.3690671140074397e-06
2422.994 -3.111415297402754e-06
2431.41 -2.242666788767571e-06
2439.827 -1.4502438403615654e-06
2448.244 -1.3813555311673949e-06
2456.66 -9.231702333471425e-07
2465.077 -5.614684703231571e-07
2473.494 -5.028063104956025e-07
2481.91 -3.19746343397282e-07
2490.327 -2.5018955950400057e-07
2498.743 -2.880595286788071e-07
