1009.0 -3.180102376655889e-15
1017.417 -1.7144110468284776e-12
1025.834 -1.894994011989899e-11
1034.25 -3.2437535540954464e-11
1042.667 -4.339835357681251e-11
1051.084 -6.956108999313112e-11
1059.5 -1.0132554233837126e-10
1067.917 -9.701202256782227e-11
1076.333 -1.098050767836961e-10
1084.75 -6.50014602806343e-10
1093.167 -4.147115585420202e-09
1101.583 -4.016920398697857e-09
1110.0 -2.3968017656632046e-08
1118.417 -7.113559189208064e-08
1126.833 -1.8625430925373166e-07
1135.25 -1.7822822642460046e-07
1143.666 -1.6070932638123818e-07
1152.083 -4.189458742455833e-07
1160.5 -5.147884888904418e-07
1168.916 -3.8455660040243615e-07
1177.333 -2.0972242679398342e-07
1185.75 -1.4124414584332645e-07
1194.166 -8.383522566337333e-08
1202.583 -4.2344201637694015e-08
1210.999 -1.4768689012039976e-08
1219.416 -4.6957331077031125e-09
1227.833 -4.489272515772739e-09
1236.249 -3.6720570462741545e-09
1244.666 -1.400915141481839e-09
1253.083 -4.024165166453158e-10
1261.499 -3.2186082348293744e-10
1269.916 -4.2275757240069587e-10
1278.332 -3.8108651565662063e-10
1286.749 -3.880308336540724e-10
1295.166 -6.621697150741066e-10
1303.582 -1.361992951571543e-08
1311.999 -8.773691642287706e-08
1320.416 -1.2250147714928665e-07
1328.832 -2.08777994233168e-07
1337.249 -2.995729837733623e-07
1345.665 -3.690151820701724e-07
1354.082 -2.104447530675124e-07
1362.499 -2.7229064671314727e-10
1370.915 8.996289099882977e-11
1379.332 4.9233262464389694e-11
1387.749 6.045375409506602e-11
1396.165 -5.734197915992201e-11
1404.582 -4.158206324128762e-09
1412.999 -6.40251790074106e-08
1421.415 -1.6965139294521575e-07
1429.832 -1.558149747111016e-07
1438.248 -7.877520929038913e-08
1446.665 -5.5601691584352117e-08
1455.082 -4.022635789934075e-08
1463.498 -3.168881024660918e-08
1471.915 -3.633771132787127e-08
1480.332 -3.116108763526067e-08
1488.748 -1.4122972798727386e-08
1497.165 -8.100692185603506e-09
1505.581 -5.8470997074401386e-09
1513.998 -4.028063658387079e-09
1522.415 -2.37026423281683e-09
1530.831 -1.5817967957140533e-09
1539.248 -1.4022853121626661e-09
1547.665 -1.238882506723381e-09
1556.081 -1.32709077989838e-09
1564.498 -1.1948131232881587e-09
1572.914 -1.1308573971570387e-09
1581.331 -9.989534743297612e-10
1589.748 -1.3485713828085052e-09
1598.164 -4.594799785584068e-09
1606.581 -2.5049296923914266e-08
1614.998 -7.538634058863086e-08
1623.414 -2.8517337841950564e-07
1631.831 -8.422864855650203e-07
1640.247 -1.1117192856708872e-06
1648.664 -1.0669445147231351e-06
1657.081 -7.352613756482196e-07
1665.497 -1.9181867490462656e-06
1673.914 -6.78839501162556e-07
1682.331 -6.106354143654525e-07
1690.747 -7.863289260637303e-07
1699.164 -9.964136190938225e-07
1707.58 -1.257593775060558e-06
1715.997 -5.342133139121191e-07
1724.414 -1.0345353213235015e-06
1732.83 -8.556832287169829e-07
1741.247 -4.751133512271453e-07
1749.664 -2.6717291801259276e-07
1758.08 -1.8594441521660518e-07
1766.497 -3.780144405375435e-07
1774.913 -6.422439103040853e-07
1783.33 -4.032518235380346e-07
1791.747 -7.156958294958275e-07
1800.163 -1.904166230244343e-07
1808.58 -1.8196134260612878e-07
1816.997 -1.2344103873958537e-07
1825.413 -1.299344679634382e-09
1833.83 8.100180933153134e-10
1842.246 7.85325599673332e-10
1850.663 7.868183901200668e-10
1859.08 8.935637291970626e-10
1867.496 9.129444475007342e-10
1875.913 8.019873532993244e-10
1884.33 1.2071477017510076e-09
1892.746 1.2153877733913045e-09
1901.163 1.0489262375934026e-09
1909.579 1.0401823492620576e-09
1917.996 1.3675960926321233e-09
1926.413 8.108207808797936e-10
1934.829 -1.1403619574067622e-08
1943.246 -2.6141511827380274e-08
1951.663 -2.311882883836871e-08
1960.079 -2.5042460016062495e-08
1968.496 -2.909409597101818e-08
1976.913 -2.7076148872155023e-08
1985.329 -2.542526242835106e-08
1993.746 -2.2958739966661958e-08
2002.162 -2.364723628219708e-08
2010.579 -2.3712512050361084e-08
2018.996 -2.3033238770490065e-08
2027.412 -2.2782139809051652e-08
2035.829 -2.414785152970985e-08
2044.246 -2.4704465448797198e-08
2052.662 -2.5385119920966827e-08
2061.079 -2.610512572222397e-08
2069.495 -2.4914744037401937e-08
2077.912 -2.544724699920017e-08
2086.329 -2.5894670848876328e-08
2094.745 -2.6374593956152555e-08
2103.162 -2.8231449266483676e-08
2111.579 -3.3360747640598834e-08
2119.995 -4.5868509199061714e-08
2128.412 -7.41940720825439e-08
2136.828 -1.61411494620643e-07
2145.245 -3.108045069760679e-07
2153.662 -5.758090201953691e-07
2162.078 -8.690216112507787e-07
2170.495 -9.61476392887331e-07
2178.912 -7.471071749135625e-07
2187.328 -4.288903367767105e-07
2195.745 -2.21387545671555e-06
2204.161 -4.369293822154968e-06
2212.578 -1.2068994628141551e-06
2220.995 -2.179202874309954e-06
2229.411 -3.324474682705121e-06
2237.828 -4.624901341185744e-06
2246.245 -5.861228124117884e-06
2254.661 -6.344811029219161e-06
2263.078 -7.146180117817762e-06
2271.494 -6.373822243232787e-06
2279.911 -6.526436129298558e-06
2288.328 -7.935547924174053e-06
2296.744 -1.0746244525618448e-05
2305.161 -8.37544458762567e-06
2313.578 -5.242244429398295e-06
2321.994 -9.777423874973764e-06
2330.411 -6.631069431820388e-06
2338.827 -1.0895514086431023e-05
2347.244 -1.4201660919201046e-05
2355.661 -9.619995297509099e-06
2364.077 -5.828121412411049e-06
2372.494 -1.3274949653378432e-05
2380.911 -7.216790570171437e-06
2389.327 -6.723546685185324e-06
2397.744 -6.013578643908248e-06
2406.16 -4.506656915745625e-06
2414.577 -2.3293641465579675e-06
2422.994 -3.0827930071035503e-06
2431.41 -2.220292353560494e-06
2439.827 -1.4393568822738799e-06
2448.244 -1.37241659424484e-06
2456.66 -9.157545848200549e-07
2465.077 -5.569728181767019e-07
2473.494 -4.999083639510699e-07
2481.91 -3.176499258951857e-07
2490.327 -2.4997685163387613e-07
2498.743 -2.8608209015895546e-07
