1009.0 -3.912052434190687e-15
1017.417 -1.4799081185064761e-12
1025.834 -1.3638620807874895e-11
1034.25 -3.159085196727989e-11
1042.667 -6.211701806895296e-11
1051.084 -7.625696624359883e-11
1059.5 -1.1429654580680957e-10
1067.917 -1.300411982103306e-10
1076.333 -1.6175807324604178e-10
1084.75 -6.618518145039101e-10
1093.167 -4.198283670773997e-09
1101.583 -4.093205953091674e-09
1110.0 -2.4962155574279334e-08
1118.417 -7.408837645158353e-08
1126.833 -1.9559050599198048e-07
1135.25 -1.9010033336087665e-07
1143.666 -1.7140888386800384e-07
1152.083 -4.393102080061978e-07
1160.5 -5.337816590928445e-07
1168.916 -4.058627769105004e-07
1177.333 -2.3034233685035375e-07
1185.75 -1.506439487686452e-07
1194.166 -8.906942565774621e-08
1202.583 -4.3785298605919805e-08
1210.999 -1.512757950546842e-08
1219.416 -4.657592420001151e-09
1227.833 -4.488345768908796e-09
1236.249 -3.732902734554125e-09
1244.666 -1.3748117715143356e-09
1253.083 -4.389048592261242e-10
1261.499 -4.588355963157682e-10
1269.916 -4.990562200611199e-10
1278.332 -4.03204579072261e-10
1286.749 -5.038815953512916e-10
1295.166 -8.027033328502649e-10
1303.582 -1.4737331155237366e-08
1311.999 -9.175429571749961e-08
1320.416 -1.2666890152793726e-07
1328.832 -2.1861508151977592e-07
1337.249 -3.1241558999105383e-07
1345.665 -3.795699046138696e-07
1354.082 -2.161514736170896e-07
1362.499 -2.984134362389505e-10
1370.915 1.0841796535809358e-10
1379.332 6.480634741718747e-11
1387.749 8.512400379413496e-11
1396.165 -9.352763623970009e-12
1404.582 -4.324641098240648e-09
1412.999 -6.678631300904182e-08
1421.415 -1.7087597827867143e-07
1429.832 -1.590741257935665e-07
1438.248 -8.226252507783865e-08
1446.665 -5.796975333523469e-08
1455.082 -4.2461287729773214e-08
1463.498 -3.345739086364467e-08
1471.915 -3.930978008837706e-08
1480.332 -3.411095978483135e-08
1488.748 -1.444093360349256e-08
1497.165 -8.404544950386036e-09
1505.581 -6.200213823718514e-09
1513.998 -4.502471389478846e-09
1522.415 -2.7628967489202777e-09
1530.831 -1.8521621034091233e-09
1539.248 -1.7052103699675627e-09
1547.665 -1.592198671971825e-09
1556.081 -1.6046124115731258e-09
1564.498 -1.4930356235806303e-09
1572.914 -1.3673005672955428e-09
1581.331 -1.3759986833519244e-09
1589.748 -1.7031120288862707e-09
1598.164 -4.974237584648015e-09
1606.581 -2.660649195634236e-08
1614.998 -7.790165892699152e-08
1623.414 -2.8355916782576504e-07
1631.831 -8.707596594772357e-07
1640.247 -1.2158238360282781e-06
1648.664 -1.1596276124313463e-06
1657.081 -7.806031743140997e-07
1665.497 -2.088924581797432e-06
1673.914 -7.226824014628741e-07
1682.331 -6.459825556400335e-07
1690.747 -8.199584688720115e-07
1699.164 -1.0148584720909556e-06
1707.58 -1.2787176019544864e-06
1715.997 -5.46323500685813e-07
1724.414 -1.0539608735443695e-06
1732.83 -8.747259312890358e-07
1741.247 -4.90659063807256e-07
1749.664 -2.792098664673524e-07
1758.08 -1.9599037558625592e-07
1766.497 -3.986262415562129e-07
1774.913 -6.707186589174646e-07
1783.33 -4.2606621642461946e-07
1791.747 -7.480327062685386e-07
1800.163 -2.0617420158081808e-07
1808.58 -1.9851232348680305e-07
1816.997 -1.3094329317844288e-07
1825.413 -1.6701806953784686e-09
1833.83 7.679625500721411e-10
1842.246 7.793278315806454e-10
1850.663 6.747260701338129e-10
1859.08 8.20921451596229e-10
1867.496 9.603238733684357e-10
1875.913 7.450946165932605e-10
1884.33 1.036518109150748e-09
1892.746 1.0747012908582681e-09
1901.163 9.058470527368701e-10
1909.579 1.0111235746369186e-09
1917.996 1.104813049345117e-09
1926.413 -9.515709565327307e-11
1934.829 -2.259413143226861e-08
1943.246 -4.4400053048977034e-08
1951.663 -4.5524955986472015e-08
1960.079 -5.0143578520702235e-08
1968.496 -5.580566709738731e-08
1976.913 -5.319545054703554e-08
1985.329 -5.231019940729703e-08
1993.746 -4.975757642235651e-08
2002.162 -5.07540591496089e-08
2010.579 -5.2290520140850985e-08
2018.996 -5.139878279312119e-08
2027.412 -5.1572210174310613e-08
2035.829 -5.417319588586782e-08
2044.246 -5.537027404142576e-08
2052.662 -5.676141745986639e-08
2061.079 -5.8461574504128163e-08
2069.495 -5.6674877272357905e-08
2077.912 -5.76622684129852e-08
2086.329 -5.840252723553835e-08
2094.745 -5.9169205070886805e-08
2103.162 -6.115242297774906e-08
2111.579 -6.71269999134269e-08
2119.995 -8.236123356437321e-08
2128.412 -1.1155676470604822e-07
2136.828 -1.9690657337095103e-07
2145.245 -3.260869111999762e-07
2153.662 -5.856206866238984e-07
2162.078 -8.871294909507813e-07
2170.495 -9.935631784278922e-07
2178.912 -7.888200104375969e-07
2187.328 -4.5407587474435817e-07
2195.745 -2.3457890616384368e-06
2204.161 -4.5621865659791e-06
2212.578 -1.2400105436673112e-06
2220.995 -2.265175390498754e-06
2229.411 -3.459821614766645e-06
2237.828 -4.805070958949103e-06
2246.245 -6.131999406802715e-06
2254.661 -6.63734708583901e-06
2263.078 -7.579463727209281e-06
2271.494 -6.8290335746611255e-06
2279.911 -7.008751909169512e-06
2288.328 -8.431276428863241e-06
2296.744 -1.137063748555763e-05
2305.161 -8.892173118218199e-06
2313.578 -5.881336562017191e-06
2321.994 -1.0481231048985752e-05
2330.411 -6.959990101169623e-06
2338.827 -1.1530195417182815e-05
2347.244 -1.5161382402904509e-05
2355.661 -1.0504459813106833e-05
2364.077 -6.358597117008655e-06
2372.494 -1.4555436370391566e-05
2380.911 -7.775897029862495e-06
2389.327 -7.257256133787264e-06
2397.744 -6.364934674021898e-06
2406.16 -4.776589195800029e-06
2414.577 -2.433965274008319e-06
2422.994 -3.1611989667249985e-06
2431.41 -2.2838712714405087e-06
2439.827 -1.4694728569183466e-06
2448.244 -1.3988748266888894e-06
2456.66 -9.363468844462383e-07
2465.077 -5.702436380528591e-07
2473.494 -5.104890583338787e-07
2481.91 -3.274264237265185e-07
2490.327 -2.5128036585900016e-07
2498.743 -2.9645904702787324e-07
