1009.0 2.0478929185406014e-20
1017.417 -4.9961760902662213e-17
1025.834 -4.807818294787729e-13
1034.25 -3.1286721136692175e-11
1042.667 -4.401683817342326e-11
1051.084 -4.9663596486009634e-11
1059.5 -5.284606938319727e-11
1067.917 -1.8374323633783092e-11
1076.333 -4.8670341597671075e-11
1084.75 -6.430090993497972e-10
1093.167 -4.04650465286563e-09
1101.583 -3.898841383249835e-09
1110.0 -2.268473964796249e-08
1118.417 -6.441623970524718e-08
1126.833 -1.69287291430766e-07
1135.25 -1.5632784469877144e-07
1143.666 -1.3895460079977353e-07
1152.083 -3.886257531606481e-07
1160.5 -4.7404784282254644e-07
1168.916 -3.548746222676714e-07
1177.333 -1.771766258666831e-07
1185.75 -1.1332591619550299e-07
1194.166 -7.115737629556748e-08
1202.583 -3.857772750388799e-08
1210.999 -1.4192436232610294e-08
1219.416 -4.453149342678145e-09
1227.833 -4.105730205104377e-09
1236.249 -3.5053179014844304e-09
1244.666 -1.4484083304144092e-09
1253.083 -3.83532053618191e-10
1261.499 -2.5027394945986944e-10
1269.916 -2.462569782272294e-10
1278.332 -3.533938651769778e-10
1286.749 -3.6877257781500326e-10
1295.166 -3.995959868869338e-10
1303.582 -1.1743429599651518e-08
1311.999 -7.662489689178665e-08
1320.416 -1.1355291121211512e-07
1328.832 -1.8662357111599504e-07
1337.249 -2.736521720510117e-07
1345.665 -3.389920101366921e-07
1354.082 -1.9424282980392245e-07
1362.499 -2.446570585536648e-10
1370.915 3.792590852479769e-11
1379.332 6.352039803910155e-11
1387.749 1.4128103290502255e-10
1396.165 1.4634742864036607e-11
1404.582 -3.711553155336989e-09
1412.999 -5.990817062542673e-08
1421.415 -1.5589438863902978e-07
1429.832 -1.421839610232687e-07
1438.248 -6.749953638106624e-08
1446.665 -4.585598774488223e-08
1455.082 -3.2660316723099815e-08
1463.498 -2.736351041830113e-08
1471.915 -3.056987067611435e-08
1480.332 -2.4937653755605293e-08
1488.748 -1.3408474813198189e-08
1497.165 -7.375451441645936e-09
1505.581 -5.415847690392721e-09
1513.998 -3.4396062356725836e-09
1522.415 -1.9882236203086227e-09
1530.831 -1.2197668419502415e-09
1539.248 -1.2068992648831833e-09
1547.665 -1.0948896767501806e-09
1556.081 -9.62310219903566e-10
1564.498 -8.828742436087919e-10
1572.914 -7.860780122816045e-10
1581.331 -7.300702172806043e-10
1589.748 -7.571896542148717e-10
1598.164 -3.739178104635379e-09
1606.581 -2.3719499423110135e-08
1614.998 -7.207308661744908e-08
1623.414 -2.77651446061672e-07
1631.831 -7.602689169935338e-07
1640.247 -8.685765897937589e-07
1648.664 -8.691332487799278e-07
1657.081 -6.27232628632654e-07
1665.497 -1.5214800024363067e-06
1673.914 -5.736718174630852e-07
1682.331 -5.239287595110615e-07
1690.747 -6.994531014440482e-07
1699.164 -9.448805665581435e-07
1707.58 -1.2102613055092832e-06
1715.997 -5.081152188365866e-07
1724.414 -9.886184169036957e-07
1732.83 -8.14452861358419e-07
1741.247 -4.512054544233491e-07
1749.664 -2.4778155718173187e-07
1758.08 -1.7209695133888736e-07
1766.497 -3.5732297475514985e-07
1774.913 -6.022043663706571e-07
1783.33 -3.663376037067931e-07
1791.747 -6.6762843183081e-07
1800.163 -1.5881715807253503e-07
1808.58 -1.5850963004092304e-07
1816.997 -1.1263480272821872e-07
1825.413 -8.101108852968399e-10
1833.83 9.302884029379808e-10
1842.246 7.8534609166176e-10
1850.663 8.517050862897942e-10
1859.08 9.001321987626608e-10
1867.496 8.940345007551255e-10
1875.913 8.980046671658621e-10
1884.33 1.408588937803489e-09
1892.746 1.366968910605395e-09
1901.163 1.0462202057527469e-09
1909.579 9.308652529783915e-10
1917.996 1.4334812394408646e-09
1926.413 1.742056196417958e-09
1934.829 1.1799522730270795e-09
1943.246 1.0127423189722982e-10
1951.663 3.231593676609969e-09
1960.079 3.99790635340462e-09
1968.496 1.0363011943972363e-09
1976.913 4.928208838082092e-09
1985.329 7.784342874649683e-09
1993.746 9.72521797204547e-09
2002.162 1.0065277341843355e-08
2010.579 9.650856701505565e-09
2018.996 1.0492509018486807e-08
2027.412 1.2310430714213654e-08
2035.829 1.1967425193851468e-08
2044.246 1.1347013929423514e-08
2052.662 1.1626739999805398e-08
2061.079 1.2446234814631486e-08
2069.495 1.2519587578500424e-08
2077.912 1.2012287511105855e-08
2086.329 1.2722142401584908e-08
2094.745 1.1801991294517248e-08
2103.162 1.1045347854218556e-08
2111.579 7.441441046337298e-09
2119.995 -4.562089176332818e-09
2128.412 -3.4516909423695666e-08
2136.828 -1.1847435007271482e-07
2145.245 -2.8343200654254225e-07
2153.662 -5.451047846972828e-07
2162.078 -8.006585489849598e-07
2170.495 -8.775556793496784e-07
2178.912 -6.595774019527534e-07
2187.328 -3.7961802296666336e-07
2195.745 -1.885166153251513e-06
2204.161 -3.876559484213728e-06
2212.578 -1.120518321746915e-06
2220.995 -1.9838026992713298e-06
2229.411 -2.9925140498422122e-06
2237.828 -4.155844096055355e-06
2246.245 -5.168940358958466e-06
2254.661 -5.609912745991522e-06
2263.078 -6.092934688852994e-06
2271.494 -5.336014504743546e-06
2279.911 -5.461442591544224e-06
2288.328 -6.832536005610427e-06
2296.744 -9.255522219426475e-06
2305.161 -7.184084740456353e-06
2313.578 -3.8037376132839937e-06
2321.994 -8.125923690428733e-06
2330.411 -5.8725456500304766e-06
2338.827 -9.348694848899887e-06
2347.244 -1.19241850364939e-05
2355.661 -7.718064641507426e-06
2364.077 -4.697814633924387e-06
2372.494 -1.0326116159010317e-05
2380.911 -5.932087377165844e-06
2389.327 -5.494164420291912e-06
2397.744 -5.154507766447617e-06
2406.16 -3.8597654490264675e-06
2414.577 -2.0594813626168283e-06
2422.994 -2.8809773683352553e-06
2431.41 -2.0606325283109484e-06
2439.827 -1.3853122433164616e-06
2448.244 -1.3259416373201505e-06
2456.66 -8.977005721885262e-07
2465.077 -5.474866318215377e-07
2473.494 -4.905764993717592e-07
2481.91 -3.14675089456109e-07
2490.327 -2.4891451618656826e-07
2498.743 -2.6308313979645677e-07
