1009.0 -3.4845864488051144e-14
1017.417 -1.8889852803172556e-12
1025.834 -1.371548120854269e-11
1034.25 -2.7425478955398128e-11
1042.667 -3.6953680441264613e-11
1051.084 -5.294017561671491e-11
1059.5 -8.047781733433028e-11
1067.917 -6.514435864168881e-11
1076.333 -8.056571893529613e-11
1084.75 -6.484018540365414e-10
1093.167 -4.06368047690022e-09
1101.583 -3.941380489884445e-09
1110.0 -2.2966401872086515e-08
1118.417 -6.71725350020819e-08
1126.833 -1.7663635335914015e-07
1135.25 -1.6676724647725097e-07
1143.666 -1.4874118896012473e-07
1152.083 -4.0467145914578584e-07
1160.5 -4.963821997864924e-07
1168.916 -3.695822251264689e-07
1177.333 -1.9315208363855113e-07
1185.75 -1.2737079730775279e-07
1194.166 -7.722745500639374e-08
1202.583 -4.04549921923464e-08
1210.999 -1.4681625100745551e-08
1219.416 -4.592389177600168e-09
1227.833 -4.4433095418831164e-09
1236.249 -3.6213662740872235e-09
1244.666 -1.3819194345945584e-09
1253.083 -3.8261175018405283e-10
1261.499 -2.690111280513693e-10
1269.916 -2.989600182640854e-10
1278.332 -3.255996738669222e-10
1286.749 -3.3542603235346475e-10
1295.166 -5.624910402816457e-10
1303.582 -1.2711334141895071e-08
1311.999 -8.341238590511151e-08
1320.416 -1.1837663276752893e-07
1328.832 -1.9734228934697443e-07
1337.249 -2.854063263232717e-07
1345.665 -3.530917974092762e-07
1354.082 -2.005974269063807e-07
1362.499 -2.550327897421088e-10
1370.915 7.225459919906958e-11
1379.332 5.562343695436943e-11
1387.749 6.726661354446594e-11
1396.165 -3.45892253160427e-11
1404.582 -3.941329274944554e-09
1412.999 -6.143710070594606e-08
1421.415 -1.617365320132189e-07
1429.832 -1.4751954352852825e-07
1438.248 -7.41269767926452e-08
1446.665 -5.2675127803721986e-08
1455.082 -3.814315188508439e-08
1463.498 -3.0079955429520995e-08
1471.915 -3.468743944612306e-08
1480.332 -2.9372111758139283e-08
1488.748 -1.3229363053906105e-08
1497.165 -7.776109353561475e-09
1505.581 -5.66281012814454e-09
1513.998 -3.7132476272666038e-09
1522.415 -2.002970745318944e-09
1530.831 -1.348003493818078e-09
1539.248 -1.1548768093176224e-09
1547.665 -1.0431188076912856e-09
1556.081 -1.0796884644116596e-09
1564.498 -9.633311048101996e-10
1572.914 -9.12246436882882e-10
1581.331 -8.088686578380747e-10
1589.748 -1.0767195086335523e-09
1598.164 -4.327579788662005e-09
1606.581 -2.4109472299450998e-08
1614.998 -7.323807972277158e-08
1623.414 -2.8206042548266556e-07
1631.831 -8.021494347328933e-07
1640.247 -9.894423790896081e-07
1648.664 -9.659778729799116e-07
1657.081 -6.802522550463098e-07
1665.497 -1.717585799139526e-06
1673.914 -6.269958288153558e-07
1682.331 -5.665218332753561e-07
1690.747 -7.429877427393975e-07
1699.164 -9.712963094397676e-07
1707.58 -1.2332206185538964e-06
1715.997 -5.218232291404987e-07
1724.414 -1.0119425748821552e-06
1732.83 -8.353637264850146e-07
1741.247 -4.626676179902781e-07
1749.664 -2.5699899342623903e-07
1758.08 -1.7769297376029977e-07
1766.497 -3.658967774630313e-07
1774.913 -6.226646885017537e-07
1783.33 -3.8394533791335385e-07
1791.747 -6.883937977390793e-07
1800.163 -1.7452416885735564e-07
1808.58 -1.6931564350924016e-07
1816.997 -1.1732390580105348e-07
1825.413 -1.0002698564703e-09
1833.83 8.178810720691733e-10
1842.246 8.020473336454833e-10
1850.663 8.106360846401204e-10
1859.08 8.769084167277091e-10
1867.496 8.778754746912207e-10
1875.913 8.462852467823601e-10
1884.33 1.3030160737547754e-09
1892.746 1.2938325364377986e-09
1901.163 1.052137176763738e-09
1909.579 1.10407842174444e-09
1917.996 1.475657048717779e-09
1926.413 1.3068182885783152e-09
1934.829 -4.9137024027290645e-09
1943.246 -1.2710191128650961e-08
1951.663 -8.261177799612864e-09
1960.079 -8.72906118983291e-09
1968.496 -1.2366962847659357e-08
1976.913 -9.58703339433881e-09
1985.329 -7.605013817226177e-09
1993.746 -5.083399425153202e-09
2002.162 -5.487319509697316e-09
2010.579 -5.262434704649499e-09
2018.996 -4.550441678522275e-09
2027.412 -3.9108347908239115e-09
2035.829 -4.52465284298367e-09
2044.246 -4.620579685096461e-09
2052.662 -4.941822513169244e-09
2061.079 -5.1704629266988115e-09
2069.495 -4.244748180742518e-09
2077.912 -4.491388118366327e-09
2086.329 -4.681782950019788e-09
2094.745 -4.952703953214286e-09
2103.162 -6.415677087077015e-09
2111.579 -1.1010254041038798e-08
2119.995 -2.2857455289571504e-08
2128.412 -5.104460062531474e-08
2136.828 -1.3765987978752381e-07
2145.245 -2.9749877640655095e-07
2153.662 -5.608074440484539e-07
2162.078 -8.349039583593542e-07
2170.495 -9.184690794787388e-07
2178.912 -7.015545594834069e-07
2187.328 -4.031457751164444e-07
2195.745 -2.0498895471738035e-06
2204.161 -4.122953827621074e-06
2212.578 -1.1639682243817596e-06
2220.995 -2.080542907116043e-06
2229.411 -3.1573036255735346e-06
2237.828 -4.3899239070348085e-06
2246.245 -5.51627863404509e-06
2254.661 -5.974748892638419e-06
2263.078 -6.614501274993112e-06
2271.494 -5.848216137847288e-06
2279.911 -5.981884541546051e-06
2288.328 -7.371500494441668e-06
2296.744 -9.996107256005518e-06
2305.161 -7.767556684294699e-06
2313.578 -4.5089350500920615e-06
2321.994 -8.941644370143345e-06
2330.411 -6.241835504305559e-06
2338.827 -1.0117337088159774e-05
2347.244 -1.3052903022447496e-05
2355.661 -8.644322939440916e-06
2364.077 -5.248135571672309e-06
2372.494 -1.1783513986219118e-05
2380.911 -6.563598861644771e-06
2389.327 -6.099174940086906e-06
2397.744 -5.58278002526245e-06
2406.16 -4.183477462275355e-06
2414.577 -2.194843287437243e-06
2422.994 -2.984575799299861e-06
2431.41 -2.1444856454434928e-06
2439.827 -1.410384397000425e-06
2448.244 -1.3490165454618234e-06
2456.66 -9.0399296028443e-07
2465.077 -5.498096584827291e-07
2473.494 -4.949637808702264e-07
2481.91 -3.166941166005908e-07
2490.327 -2.49466262266689e-07
2498.743 -2.768863303058294e-07
