1009.0 0.0
1017.417 0.0
1025.834 1.3928252490752054e-18
1034.25 7.214462028712181e-14
1042.667 1.734807819958696e-11
1051.084 1.9330756740564e-11
1059.5 1.7847022875747422e-13
1067.917 1.912151963576813e-11
1076.333 1.7991935366193396e-11
1084.75 -1.1293894642082984e-09
1093.167 -5.9712520459653425e-09
1101.583 1.6198170829690787e-09
1110.0 -7.728336934662194e-09
1118.417 -5.5776055231810865e-08
1126.833 -1.3543479462962147e-07
1135.25 -1.6334064119838314e-07
1143.666 -1.4581973460483468e-07
1152.083 -3.1209823131267367e-07
1160.5 -4.0616933184438893e-07
1168.916 -2.6359006916442083e-07
1177.333 -2.1307291912093956e-07
1185.75 -1.3830173736053496e-07
1194.166 -6.45912217636727e-08
1202.583 -4.335465985201373e-08
1210.999 -1.4576320656402723e-08
1219.416 -4.6853613179509935e-09
1227.833 -3.641819137422989e-09
1236.249 -3.2022632928865514e-09
1244.666 -6.911138713148495e-10
1253.083 -4.844520002002039e-11
1261.499 -1.7403224788070093e-10
1269.916 -6.866834881600387e-10
1278.332 -2.129165997057056e-10
1286.749 -5.584068645037999e-10
1295.166 -4.386016508394208e-10
1303.582 -1.097449172006442e-08
1311.999 -7.361639932664234e-08
1320.416 -1.1201042685388103e-07
1328.832 -1.6792356888498313e-07
1337.249 -2.45680471339899e-07
1345.665 -2.9462339860147065e-07
1354.082 -1.499286289965595e-07
1362.499 6.882075272926723e-11
1370.915 3.410838713932232e-10
1379.332 3.796187287121879e-11
1387.749 4.322211237822168e-10
1396.165 1.4077046567196475e-10
1404.582 -2.6560015154168934e-09
1412.999 -4.8948311972227314e-08
1421.415 -9.818565846581907e-08
1429.832 -1.065546003287151e-07
1438.248 -6.179293044772967e-08
1446.665 -7.331731043120472e-08
1455.082 -2.9114443331659725e-08
1463.498 -6.323697466579068e-09
1471.915 -1.3325541553111494e-08
1480.332 -2.0212342626531705e-08
1488.748 -2.8251451151307455e-08
1497.165 -9.36752249093985e-09
1505.581 -5.876955602711828e-09
1513.998 -1.6722578499058655e-09
1522.415 -5.076893718358617e-09
1530.831 -3.484464185029552e-09
1539.248 -2.9928888022495016e-09
1547.665 -2.5720630436801892e-09
1556.081 -2.5564300712502162e-09
1564.498 -1.9902141989133957e-09
1572.914 -2.8469921842116547e-09
1581.331 -3.794462411709082e-09
1589.748 -2.653025658224034e-09
1598.164 -5.011472190014748e-09
1606.581 -1.5086134410135285e-08
1614.998 -5.57256680431591e-08
1623.414 -2.771140650603273e-07
1631.831 -7.897624170337853e-07
1640.247 -1.0053778712207512e-06
1648.664 -1.0120660814071187e-06
1657.081 -6.799496762744667e-07
1665.497 -1.8427546332812141e-06
1673.914 -6.597730783605902e-07
1682.331 -5.622999899963169e-07
1690.747 -6.805487241715904e-07
1699.164 -9.266163402142283e-07
1707.58 -1.164490229252237e-06
1715.997 -4.958296368261513e-07
1724.414 -9.931997219767093e-07
1732.83 -8.044261065297551e-07
1741.247 -4.2993787632136115e-07
1749.664 -2.4518501892679176e-07
1758.08 -1.939019143836461e-07
1766.497 -3.507997125902716e-07
1774.913 -6.016644363613706e-07
1783.33 -3.1511197561972465e-07
1791.747 -6.290825731107859e-07
1800.163 -1.7602805793109955e-07
1808.58 -1.449866365097918e-07
1816.997 -9.91819294749413e-08
1825.413 -1.0292542835935114e-09
1833.83 7.931323509658642e-10
1842.246 6.548693408810257e-10
1850.663 3.9352292430080114e-10
1859.08 9.944034692137786e-10
1867.496 5.914449006142155e-10
1875.913 8.898335586622393e-10
1884.33 7.609322001790523e-10
1892.746 2.8995213212839997e-10
1901.163 1.5079671091069467e-10
1909.579 2.354725916760642e-10
1917.996 6.835839262202474e-10
1926.413 4.361548071718933e-11
1934.829 -6.256828305257942e-09
1943.246 -1.4607718187746186e-08
1951.663 -1.5975290143498097e-08
1960.079 -1.394460695058045e-08
1968.496 -1.9492146216365587e-08
1976.913 -1.2190263662198994e-08
1985.329 -1.4677140296733664e-08
1993.746 -1.2746947374881425e-08
2002.162 -1.6492868742823806e-08
2010.579 2.430861278265502e-08
2018.996 4.0434753398901334e-08
2027.412 -9.847985032965986e-09
2035.829 -8.022874472545447e-09
2044.246 -1.125052497356784e-08
2052.662 -1.2915587741428681e-08
2061.079 -1.1419951240602718e-08
2069.495 -1.167719883561468e-08
2077.912 -1.2976895867677068e-08
2086.329 -1.1681354914963351e-08
2094.745 -7.91177066226888e-09
2103.162 -1.2710592253809242e-08
2111.579 -1.0128578635170938e-08
2119.995 -1.355463895187256e-08
2128.412 -5.293323617648158e-08
2136.828 -1.424624551327881e-07
2145.245 -2.6537840477048027e-07
2153.662 -5.177329968398285e-07
2162.078 -8.187642809688873e-07
2170.495 -8.962334408144308e-07
2178.912 -6.683821499970228e-07
2187.328 -3.735667932816703e-07
2195.745 -1.9943945181134797e-06
2204.161 -4.031671034011124e-06
2212.578 -1.117591157255038e-06
2220.995 -2.001399683189668e-06
2229.411 -3.1413146215309197e-06
2237.828 -4.2643424381982e-06
2246.245 -5.605130713576612e-06
2254.661 -6.177568936024373e-06
2263.078 -6.764275285592117e-06
2271.494 -6.138101288634833e-06
2279.911 -6.263595018933428e-06
2288.328 -7.661408161916958e-06
2296.744 -1.0440406117565712e-05
2305.161 -7.91556791104217e-06
2313.578 -4.670320235690021e-06
2321.994 -8.974351199552639e-06
2330.411 -6.358199732321398e-06
2338.827 -1.0231148383666258e-05
2347.244 -1.2962152404962171e-05
2355.661 -8.866915167236907e-06
2364.077 -5.578529716540873e-06
2372.494 -1.1967146520054857e-05
2380.911 -6.159854378255098e-06
2389.327 -5.977752627332704e-06
2397.744 -5.487233353588735e-06
2406.16 -3.980394172658354e-06
2414.577 -1.9793069949587126e-06
2422.994 -2.735252685293201e-06
2431.41 -2.107203034810874e-06
2439.827 -1.3513541455807231e-06
2448.244 -1.165015678954364e-06
2456.66 -8.143394262581148e-07
2465.077 -4.345602736747088e-07
2473.494 -3.4182556762439653e-07
2481.91 -2.042031498081776e-07
2490.327 -1.4965278412918677e-07
2498.743 -2.1539748593501184e-07
