1009.0 -2.8239534451415004e-17
1017.417 -2.6714976810310063e-13
1025.834 -1.2074474334289371e-11
1034.25 -2.2020220815226337e-11
1042.667 -3.410516816385417e-11
1051.084 -6.335720034562355e-11
1059.5 -1.0714657842964318e-10
1067.917 -1.0635597591552018e-10
1076.333 -1.8377721050460289e-10
1084.75 -6.698056568476216e-10
1093.167 -4.18230586873305e-09
1101.583 -4.019200156633848e-09
1110.0 -2.4519447216873753e-08
1118.417 -7.355032876056974e-08
1126.833 -1.9595482869435157e-07
1135.25 -1.9338598829827896e-07
1143.666 -1.7284250256502341e-07
1152.083 -4.389629679760658e-07
1160.5 -5.28709272490299e-07
1168.916 -4.0725954432685355e-07
1177.333 -2.3845540141812535e-07
1185.75 -1.514553166549145e-07
1194.166 -9.017212764945733e-08
1202.583 -4.448670083484225e-08
1210.999 -1.5208277681738605e-08
1219.416 -4.48422550382232e-09
1227.833 -4.610118253559944e-09
1236.249 -3.661234470220299e-09
1244.666 -1.4395897824429065e-09
1253.083 -4.654690667647074e-10
1261.499 -4.807581185298918e-10
1269.916 -5.395348672299666e-10
1278.332 -4.525523486888747e-10
1286.749 -5.508929449107209e-10
1295.166 -8.469258033092472e-10
1303.582 -1.4902897099854012e-08
1311.999 -9.259668492954804e-08
1320.416 -1.261721006976463e-07
1328.832 -2.1819954643556025e-07
1337.249 -3.133965191995211e-07
1345.665 -3.786071429866409e-07
1354.082 -2.1488774326716306e-07
1362.499 -3.1525334362039124e-10
1370.915 9.013300214845226e-11
1379.332 9.513039438201183e-11
1387.749 8.172460315296673e-11
1396.165 3.469191314137542e-11
1404.582 -4.230761641777336e-09
1412.999 -6.607762841144327e-08
1421.415 -1.7022709745580618e-07
1429.832 -1.565562327619382e-07
1438.248 -8.4243532412602e-08
1446.665 -5.901669042121428e-08
1455.082 -4.432457233464173e-08
1463.498 -3.4021386856488463e-08
1471.915 -3.935365983468004e-08
1480.332 -3.3233279834494805e-08
1488.748 -1.42922353467876e-08
1497.165 -8.489959772781861e-09
1505.581 -6.189609474490664e-09
1513.998 -4.6998292920250906e-09
1522.415 -2.860038612845875e-09
1530.831 -2.0353575694379014e-09
1539.248 -1.880459037556698e-09
1547.665 -1.643111061936005e-09
1556.081 -1.7556012662087706e-09
1564.498 -1.5049971342728167e-09
1572.914 -1.3639824565407456e-09
1581.331 -1.3298984198717102e-09
1589.748 -1.6669821333837061e-09
1598.164 -5.112110588325074e-09
1606.581 -2.6528513306148398e-08
1614.998 -7.58775197115203e-08
1623.414 -2.7948703403802607e-07
1631.831 -8.768313088525693e-07
1640.247 -1.2346457535994501e-06
1648.664 -1.1730658971867232e-06
1657.081 -7.819840602560708e-07
1665.497 -2.117885075703937e-06
1673.914 -7.268562723779784e-07
1682.331 -6.472857497246204e-07
1690.747 -8.243020849406e-07
1699.164 -1.017200614366815e-06
1707.58 -1.2810477662697386e-06
1715.997 -5.462255118908873e-07
1724.414 -1.0558095332541275e-06
1732.83 -8.797814033731386e-07
1741.247 -4.922333702664651e-07
1749.664 -2.764297674990827e-07
1758.08 -1.9473139938880823e-07
1766.497 -4.016912215425712e-07
1774.913 -6.728147820203271e-07
1783.33 -4.2399228996040504e-07
1791.747 -7.492353483436934e-07
1800.163 -2.061863570470411e-07
1808.58 -2.015382407593617e-07
1816.997 -1.3194547908222143e-07
1825.413 -1.6828249356597697e-09
1833.83 8.560337393790521e-10
1842.246 8.778526985780346e-10
1850.663 6.92143619070262e-10
1859.08 8.519310647452476e-10
1867.496 1.0201460162293568e-09
1875.913 8.0798479388716e-10
1884.33 9.777872243404313e-10
1892.746 1.009872381863588e-09
1901.163 8.645827578746268e-10
1909.579 1.0198844443114884e-09
1917.996 1.145237474702549e-09
1926.413 7.731391687146068e-12
1934.829 -2.294521618508232e-08
1943.246 -4.390389043222344e-08
1951.663 -4.7085280257025574e-08
1960.079 -5.301513777867963e-08
1968.496 -5.746778378338622e-08
1976.913 -5.5914312166581576e-08
1985.329 -5.499717691886118e-08
1993.746 -5.250694926181393e-08
2002.162 -5.3628370607742044e-08
2010.579 -5.556259267921016e-08
2018.996 -5.444676288377467e-08
2027.412 -5.490486556572189e-08
2035.829 -5.771520342243424e-08
2044.246 -5.8944241906953437e-08
2052.662 -6.022982187475312e-08
2061.079 -6.18129381369488e-08
2069.495 -5.997958466986269e-08
2077.912 -6.090649989895427e-08
2086.329 -6.209333192183961e-08
2094.745 -6.279688965314569e-08
2103.162 -6.439989075980782e-08
2111.579 -7.089411702805572e-08
2119.995 -8.651564923202234e-08
2128.412 -1.177947273195496e-07
2136.828 -2.023746631243109e-07
2145.245 -3.300937274912665e-07
2153.662 -5.843338686505189e-07
2162.078 -8.890523892690696e-07
2170.495 -9.936003253715096e-07
2178.912 -7.984395892944179e-07
2187.328 -4.5773836584714377e-07
2195.745 -2.3641347884319833e-06
2204.161 -4.585996332184921e-06
2212.578 -1.2353843904561516e-06
2220.995 -2.282478674920675e-06
2229.411 -3.484270576695325e-06
2237.828 -4.831801137654618e-06
2246.245 -6.1642572053707e-06
2254.661 -6.677841427413406e-06
2263.078 -7.647036431004912e-06
2271.494 -6.898065245492719e-06
2279.911 -7.072618674940089e-06
2288.328 -8.50406286220625e-06
2296.744 -1.147462948473189e-05
2305.161 -8.977246366621882e-06
2313.578 -5.974346913056445e-06
2321.994 -1.0589316489111356e-05
2330.411 -7.010671432653507e-06
2338.827 -1.1636224647793064e-05
2347.244 -1.531625739829412e-05
2355.661 -1.0636020749679406e-05
2364.077 -6.4365860664335246e-06
2372.494 -1.4741543838441621e-05
2380.911 -7.850510565589835e-06
2389.327 -7.338459184308487e-06
2397.744 -6.415068199185263e-06
2406.16 -4.813579415666267e-06
2414.577 -2.4487781515228275e-06
2422.994 -3.172224502584317e-06
2431.41 -2.291416758260752e-06
2439.827 -1.468737416907101e-06
2448.244 -1.403286605300767e-06
2456.66 -9.461412494549201e-07
2465.077 -5.742355979928459e-07
2473.494 -5.116971236027015e-07
2481.91 -3.2790520433959493e-07
2490.327 -2.411902672061714e-07
2498.743 -2.969547062668938e-07
