1009.0 -2.7036122789731498e-15
1017.417 -1.5037081596072123e-12
1025.834 -1.6554304910912148e-11
1034.25 -3.025380783075933e-11
1042.667 -3.859485580869985e-11
1051.084 -5.988781139097079e-11
1059.5 -8.938175879284453e-11
1067.917 -7.744262569638167e-11
1076.333 -8.994606890679886e-11
1084.75 -6.503332945932528e-10
1093.167 -4.120195749116647e-09
1101.583 -3.979851435550873e-09
1110.0 -2.3275634437951767e-08
1118.417 -6.873623192149801e-08
1126.833 -1.8052905987028074e-07
1135.25 -1.7139240691821214e-07
1143.666 -1.5336967126075076e-07
1152.083 -4.1046986745552944e-07
1160.5 -5.043772988031355e-07
1168.916 -3.754494142727255e-07
1177.333 -1.9974120975550244e-07
1185.75 -1.3343806900092855e-07
1194.166 -8.03299587151025e-08
1202.583 -4.1436662974812765e-08
1210.999 -1.4657519168600868e-08
1219.416 -4.632384693998338e-09
1227.833 -4.465574703060625e-09
1236.249 -3.6427784568092284e-09
1244.666 -1.3861606398749206e-09
1253.083 -3.851285641431327e-10
1261.499 -2.896053324150414e-10
1269.916 -3.47012799513236e-10
1278.332 -3.531544958451829e-10
1286.749 -3.5935591873263425e-10
1295.166 -5.938835028191988e-10
1303.582 -1.3068909641621851e-08
1311.999 -8.534578344514012e-08
1320.416 -1.201242066346884e-07
1328.832 -2.0265640955985078e-07
1337.249 -2.9166444584730213e-07
1345.665 -3.599497790184753e-07
1354.082 -2.044816327954967e-07
1362.499 -2.584395918841344e-10
1370.915 6.986279545573267e-11
1379.332 4.718954845532111e-11
1387.749 6.106284124026921e-11
1396.165 -4.285733725446161e-11
1404.582 -4.060757565752574e-09
1412.999 -6.281307346599499e-08
1421.415 -1.6542114496366253e-07
1429.832 -1.519722669133522e-07
1438.248 -7.676307115035866e-08
1446.665 -5.380961192545381e-08
1455.082 -3.946990871129785e-08
1463.498 -3.101469039821587e-08
1471.915 -3.5384843995458235e-08
1480.332 -3.035145742334705e-08
1488.748 -1.3616733704964075e-08
1497.165 -7.995162098552907e-09
1505.581 -5.785378081298166e-09
1513.998 -3.827897213774871e-09
1522.415 -2.061118384519573e-09
1530.831 -1.3980592381356347e-09
1539.248 -1.2559047954555113e-09
1547.665 -1.1167734571389338e-09
1556.081 -1.1674054102344987e-09
1564.498 -1.0598318326500513e-09
1572.914 -9.870885351356743e-10
1581.331 -8.861074910016988e-10
1589.748 -1.1704970298405343e-09
1598.164 -4.436530354897214e-09
1606.581 -2.442016578108906e-08
1614.998 -7.446421358254438e-08
1623.414 -2.8401640131713326e-07
1631.831 -8.212004090733321e-07
1640.247 -1.0457458387589788e-06
1648.664 -1.011467208459744e-06
1657.081 -7.048114054692402e-07
1665.497 -1.8097264312432474e-06
1673.914 -6.51423700980712e-07
1682.331 -5.873596609028496e-07
1690.747 -7.638182565173715e-07
1699.164 -9.833237038468255e-07
1707.58 -1.2444086995333853e-06
1715.997 -5.27523896022294e-07
1724.414 -1.0221448394806165e-06
1732.83 -8.441718323859147e-07
1741.247 -4.681920880542122e-07
1749.664 -2.614860568812204e-07
1758.08 -1.811835903943671e-07
1766.497 -3.706928230459775e-07
1774.913 -6.310170322440719e-07
1783.33 -3.917950611380425e-07
1791.747 -6.995676723956978e-07
1800.163 -1.8075071496502612e-07
1808.58 -1.7459988524570697e-07
1816.997 -1.201362351944371e-07
1825.413 -1.1014393769347036e-09
1833.83 8.011757973145496e-10
1842.246 7.792743917463699e-10
1850.663 7.916678569187147e-10
1859.08 8.726577652689546e-10
1867.496 8.83765849083613e-10
1875.913 8.237954108160524e-10
1884.33 1.2814772849877197e-09
1892.746 1.2759157725209984e-09
1901.163 1.044019213952336e-09
1909.579 1.0863490643850666e-09
1917.996 1.446206495156996e-09
1926.413 1.1318914289618905e-09
1934.829 -7.39069782942395e-09
1943.246 -1.7888534571895433e-08
1951.663 -1.3708335979532257e-08
1960.079 -1.4796960702776833e-08
1968.496 -1.8917113696858025e-08
1976.913 -1.608765521292431e-08
1985.329 -1.4223397640636098e-08
1993.746 -1.1842605953868487e-08
2002.162 -1.2426437765080766e-08
2010.579 -1.2274858487938916e-08
2018.996 -1.1634115918405593e-08
2027.412 -1.1108328984596405e-08
2035.829 -1.1962801526519709e-08
2044.246 -1.2211165676478955e-08
2052.662 -1.2684717069618088e-08
2061.079 -1.3113944497229039e-08
2069.495 -1.2082352401993337e-08
2077.912 -1.2444048513409e-08
2086.329 -1.2707977368995782e-08
2094.745 -1.3030668717866393e-08
2103.162 -1.4659837193702594e-08
2111.579 -1.9374647464356653e-08
2119.995 -3.138260847320827e-08
2128.412 -5.965788659415047e-08
2136.828 -1.4682301382617242e-07
2145.245 -3.03484383469345e-07
2153.662 -5.68001799040216e-07
2162.078 -8.505133083630647e-07
2170.495 -9.385385902885005e-07
2178.912 -7.221179837872814e-07
2187.328 -4.1480947056240566e-07
2195.745 -2.1266984011003174e-06
2204.161 -4.2387603773603555e-06
2212.578 -1.1834985664055084e-06
2220.995 -2.1261750417146972e-06
2229.411 -3.2352982087605166e-06
2237.828 -4.5006680720015104e-06
2246.245 -5.678245498921255e-06
2254.661 -6.147562696723148e-06
2263.078 -6.861359063082697e-06
2271.494 -6.0886081603005506e-06
2279.911 -6.22856916075281e-06
2288.328 -7.628150211357504e-06
2296.744 -1.0342864235406687e-05
2305.161 -8.045354213126739e-06
2313.578 -4.841536667190805e-06
2321.994 -9.326650327489963e-06
2330.411 -6.419795221094156e-06
2338.827 -1.047997411094242e-05
2347.244 -1.3583515135691374e-05
2355.661 -9.082467999498942e-06
2364.077 -5.5071688630057715e-06
2372.494 -1.2464656239737777e-05
2380.911 -6.861985984113774e-06
2389.327 -6.383615621935266e-06
2397.744 -5.783278498788046e-06
2406.16 -4.3337297242625475e-06
2414.577 -2.2579077238860297e-06
2422.994 -3.0302993526904515e-06
2431.41 -2.1807655985353696e-06
2439.827 -1.422981357448051e-06
2448.244 -1.3591549461538856e-06
2456.66 -9.081422608674847e-07
2465.077 -5.525052659135867e-07
2473.494 -4.975556994136267e-07
2481.91 -3.1757690727779914e-07
2490.327 -2.5010585259800436e-07
2498.743 -2.8126825079082716e-07
