1009.0 -2.526263698890348e-15
1017.417 -1.4095859259041837e-12
1025.834 -1.5542201522018966e-11
1034.25 -2.9645084228356645e-11
1042.667 -3.8044633036037136e-11
1051.084 -5.809391531235091e-11
1059.5 -8.633536008513285e-11
1067.917 -7.306657603115724e-11
1076.333 -8.658796021587706e-11
1084.75 -6.500975208188385e-10
1093.167 -4.117752547654445e-09
1101.583 -3.976443289235885e-09
1110.0 -2.3203970293160215e-08
1118.417 -6.830967137850108e-08
1126.833 -1.7939433258479537e-07
1135.25 -1.7014347742982428e-07
1143.666 -1.5206033673971274e-07
1152.083 -4.087938039633255e-07
1160.5 -5.02021751531326e-07
1168.916 -3.738274925316346e-07
1177.333 -1.9776972870970463e-07
1185.75 -1.3183576349493967e-07
1194.166 -7.955216382028308e-08
1202.583 -4.122543876431131e-08
1210.999 -1.4670763687358664e-08
1219.416 -4.612696644304762e-09
1227.833 -4.458455413588756e-09
1236.249 -3.6375147741898387e-09
1244.666 -1.3871211623205213e-09
1253.083 -3.853770910853631e-10
1261.499 -2.8466419059904144e-10
1269.916 -3.344919593585641e-10
1278.332 -3.4799904490354777e-10
1286.749 -3.5463926372723566e-10
1295.166 -5.819046284634377e-10
1303.582 -1.2983573545462611e-08
1311.999 -8.477640192182175e-08
1320.416 -1.1961849050509682e-07
1328.832 -2.012528447491334e-07
1337.249 -2.9009328641343025e-07
1345.665 -3.58050381139891e-07
1354.082 -2.0338701460834268e-07
1362.499 -2.5741450820366214e-10
1370.915 6.700119394088327e-11
1379.332 4.8558468042008115e-11
1387.749 6.376373850155242e-11
1396.165 -3.99647034688812e-11
1404.582 -4.03688903948449e-09
1412.999 -6.251934552411298e-08
1421.415 -1.642869979103486e-07
1429.832 -1.50848647618217e-07
1438.248 -7.618231412521184e-08
1446.665 -5.3456488331149624e-08
1455.082 -3.9083817429795554e-08
1463.498 -3.078333672907656e-08
1471.915 -3.5115932884455643e-08
1480.332 -3.0073119913889955e-08
1488.748 -1.3537621748236517e-08
1497.165 -7.924055830504039e-09
1505.581 -5.76254668858874e-09
1513.998 -3.796890036463446e-09
1522.415 -2.030372405036364e-09
1530.831 -1.377887314350909e-09
1539.248 -1.2314132054867303e-09
1547.665 -1.0994581574868834e-09
1556.081 -1.1461304802520433e-09
1564.498 -1.036973580153689e-09
1572.914 -9.652260808006305e-10
1581.331 -8.670303046204706e-10
1589.748 -1.1379742790029316e-09
1598.164 -4.398227708102659e-09
1606.581 -2.4323321128671348e-08
1614.998 -7.420139099434082e-08
1623.414 -2.8354071636162e-07
1631.831 -8.162256098858071e-07
1640.247 -1.0308058073223032e-06
1648.664 -9.993111713713857e-07
1657.081 -6.981652368014278e-07
1665.497 -1.7853482474026795e-06
1673.914 -6.450446719702243e-07
1682.331 -5.819793889569531e-07
1690.747 -7.584256455309231e-07
1699.164 -9.80246888739661e-07
1707.58 -1.2415434023285764e-06
1715.997 -5.260342892066809e-07
1724.414 -1.0194097721354097e-06
1732.83 -8.417944346901575e-07
1741.247 -4.666886557075264e-07
1749.664 -2.6028573640552433e-07
1758.08 -1.802044990987277e-07
1766.497 -3.6935986800721425e-07
1774.913 -6.286739579063524e-07
1783.33 -3.8955095333949293e-07
1791.747 -6.965163182631052e-07
1800.163 -1.7886344734481283e-07
1808.58 -1.7312675465044303e-07
1816.997 -1.1944971143872885e-07
1825.413 -1.074058118313871e-09
1833.83 8.050222610329741e-10
1842.246 7.786744201747134e-10
1850.663 7.923896703147127e-10
1859.08 8.751064494011065e-10
1867.496 8.822421904957634e-10
1875.913 8.282911015175669e-10
1884.33 1.2914899296687147e-09
1892.746 1.284569548116338e-09
1901.163 1.0454403643856576e-09
1909.579 1.0881003745556323e-09
1917.996 1.4540970207443206e-09
1926.413 1.1857607287559927e-09
1934.829 -6.636586413738642e-09
1943.246 -1.634354181584351e-08
1951.663 -1.2113170041501948e-08
1960.079 -1.3000194444999325e-08
1968.496 -1.7043202424127006e-08
1976.913 -1.4130627660761399e-08
1985.329 -1.2233538047372958e-08
1993.746 -9.838131619401975e-09
2002.162 -1.0357182468444161e-08
2010.579 -1.0211517122759344e-08
2018.996 -9.537720750744656e-09
2027.412 -8.97232413323356e-09
2035.829 -9.756059090657306e-09
2044.246 -9.943738798121495e-09
2052.662 -1.0393431972378482e-08
2061.079 -1.0783798057177026e-08
2069.495 -9.760788091542723e-09
2077.912 -1.0093602830320097e-08
2086.329 -1.031598739685954e-08
2094.745 -1.0635367179390355e-08
2103.162 -1.2216875977634475e-08
2111.579 -1.6890975465129043e-08
2119.995 -2.8807147635927463e-08
2128.412 -5.711061846313565e-08
2136.828 -1.4416283767315202e-07
2145.245 -3.017894760219799e-07
2153.662 -5.661895327122347e-07
2162.078 -8.463348287272562e-07
2170.495 -9.33175531090977e-07
2178.912 -7.167037731754217e-07
2187.328 -4.118124609571364e-07
2195.745 -2.1066550238845337e-06
2204.161 -4.208628526515783e-06
2212.578 -1.1783884473092282e-06
2220.995 -2.11419317170351e-06
2229.411 -3.2147463179289195e-06
2237.828 -4.471816631840815e-06
2246.245 -5.635929189162056e-06
2254.661 -6.10212360087182e-06
2263.078 -6.796454357534695e-06
2271.494 -6.024914954930661e-06
2279.911 -6.163098077236593e-06
2288.328 -7.560177278590505e-06
2296.744 -1.0251472906108566e-05
2305.161 -7.971922996724353e-06
2313.578 -4.752992279727745e-06
2321.994 -9.22508474777242e-06
2330.411 -6.372975956582773e-06
2338.827 -1.0385010150886194e-05
2347.244 -1.3443564463073918e-05
2355.661 -8.965297266680895e-06
2364.077 -5.437574613988832e-06
2372.494 -1.2283589560713214e-05
2380.911 -6.782919153923064e-06
2389.327 -6.308257828435518e-06
2397.744 -5.730771003021065e-06
2406.16 -4.2940616357232916e-06
2414.577 -2.2412310912517954e-06
2422.994 -3.018063276073207e-06
2431.41 -2.1711656886348187e-06
2439.827 -1.4196150213489281e-06
2448.244 -1.356377715733616e-06
2456.66 -9.070644781300452e-07
2465.077 -5.519366863241787e-07
2473.494 -4.971090426300453e-07
2481.91 -3.1738635805583523e-07
2490.327 -2.500095335816555e-07
2498.743 -2.80079635169609e-07
