1009.0 -2.3550672071937606e-15
1017.417 -1.3173831200589537e-12
1025.834 -1.4543814267001588e-11
1034.25 -2.878309854669945e-11
1042.667 -3.7673052413666415e-11
1051.084 -5.643171990161549e-11
1059.5 -8.470045134535607e-11
1067.917 -6.97978753186248e-11
1076.333 -8.366831977444175e-11
1084.75 -6.512094140744714e-10
1093.167 -4.09803976023906e-09
1101.583 -3.959856123108626e-09
1110.0 -2.3104640206673718e-08
1118.417 -6.790670045291284e-08
1126.833 -1.783767057613371e-07
1135.25 -1.6889777087236203e-07
1143.666 -1.5087084057638072e-07
1152.083 -4.073653822039258e-07
1160.5 -4.999889919459988e-07
1168.916 -3.722835284090337e-07
1177.333 -1.9599870882583355e-07
1185.75 -1.3030672914321832e-07
1194.166 -7.87688014145688e-08
1202.583 -4.0966203108182485e-08
1210.999 -1.4681089262948057e-08
1219.416 -4.602635920169526e-09
1227.833 -4.4577134898347235e-09
1236.249 -3.6390978634254963e-09
1244.666 -1.3853880050510443e-09
1253.083 -3.8412276469337027e-10
1261.499 -2.8057595298708726e-10
1269.916 -3.226296980186086e-10
1278.332 -3.41158952235433e-10
1286.749 -3.4921988632224797e-10
1295.166 -5.756720438733964e-10
1303.582 -1.2925389218975267e-08
1311.999 -8.429535260073466e-08
1320.416 -1.191927058464384e-07
1328.832 -1.998813913398605e-07
1337.249 -2.885277120929876e-07
1345.665 -3.562243320219692e-07
1354.082 -2.0239314334731823e-07
1362.499 -2.566274496055482e-10
1370.915 6.859991049904793e-11
1379.332 5.1109765722764866e-11
1387.749 6.618917240785817e-11
1396.165 -3.6768025614025064e-11
1404.582 -4.0111120754121105e-09
1412.999 -6.226344893280764e-08
1421.415 -1.6337776674440447e-07
1429.832 -1.4950714237964856e-07
1438.248 -7.533275509184892e-08
1446.665 -5.3143532315192863e-08
1455.082 -3.876579288294454e-08
1463.498 -3.056645094111087e-08
1471.915 -3.492447453354583e-08
1480.332 -2.979093204911067e-08
1488.748 -1.3412743749970279e-08
1497.165 -7.862195354908862e-09
1505.581 -5.7311920243280834e-09
1513.998 -3.771302527603623e-09
1522.415 -2.016523922108116e-09
1530.831 -1.3594477322637077e-09
1539.248 -1.201952886015838e-09
1547.665 -1.080280289627804e-09
1556.081 -1.1229495134865132e-09
1564.498 -1.0109910174911317e-09
1572.914 -9.443392097515777e-10
1581.331 -8.469798602822631e-10
1589.748 -1.1176826393609502e-09
1598.164 -4.371942142143771e-09
1606.581 -2.424056707017024e-08
1614.998 -7.383063982572893e-08
1623.414 -2.8302720213545865e-07
1631.831 -8.113684946160765e-07
1640.247 -1.0164377267607279e-06
1648.664 -9.877148592240024e-07
1657.081 -6.918686134434249e-07
1665.497 -1.7619137623991388e-06
1673.914 -6.389041123038911e-07
1682.331 -5.767009234067106e-07
1690.747 -7.531045191917699e-07
1699.164 -9.772490753187624e-07
1707.58 -1.2387346540634815e-06
1715.997 -5.245765311814778e-07
1724.414 -1.0168540605866687e-06
1732.83 -8.395505278489744e-07
1741.247 -4.653243813886212e-07
1749.664 -2.591325251264067e-07
1758.08 -1.7929802774882375e-07
1766.497 -3.680900380891671e-07
1774.913 -6.265240223896874e-07
1783.33 -3.875630443743592e-07
1791.747 -6.936626464605428e-07
1800.163 -1.7720575432082388e-07
1808.58 -1.717856179203185e-07
1816.997 -1.1878219317773059e-07
1825.413 -1.0487220123856827e-09
1833.83 8.098709686471569e-10
1842.246 7.867619513228339e-10
1850.663 7.951194741744831e-10
1859.08 8.769684999180926e-10
1867.496 8.855868885774516e-10
1875.913 8.32983954797255e-10
1884.33 1.29422212735304e-09
1892.746 1.2890057399568048e-09
1901.163 1.0487884698668558e-09
1909.579 1.0915436989222894e-09
1917.996 1.4621133560099594e-09
1926.413 1.237780806072019e-09
1934.829 -5.975994373118141e-09
1943.246 -1.5001061877317197e-08
1951.663 -1.0696481555359033e-08
1960.079 -1.1432683244745578e-08
1968.496 -1.535403990706465e-08
1976.913 -1.2430603947783881e-08
1985.329 -1.0505551129944802e-08
1993.746 -8.068586108846865e-09
2002.162 -8.554086342658678e-09
2010.579 -8.378887112324034e-09
2018.996 -7.677052772959181e-09
2027.412 -7.093192031333497e-09
2035.829 -7.829055113865249e-09
2044.246 -7.97157171365497e-09
2052.662 -8.365309853476494e-09
2061.079 -8.70059288363578e-09
2069.495 -7.716838192343186e-09
2077.912 -8.004234424777264e-09
2086.329 -8.234630953922354e-09
2094.745 -8.51804166687807e-09
2103.162 -1.0073925001687785e-08
2111.579 -1.4685375500319844e-08
2119.995 -2.6531141105446675e-08
2128.412 -5.4873525333551135e-08
2136.828 -1.417674710235732e-07
2145.245 -3.0020479594520727e-07
2153.662 -5.644610396333926e-07
2162.078 -8.424439038756866e-07
2170.495 -9.281471127982215e-07
2178.912 -7.114933536361606e-07
2187.328 -4.088688357157189e-07
2195.745 -2.0872157694397135e-06
2204.161 -4.179303959543199e-06
2212.578 -1.1735115262071417e-06
2220.995 -2.1026932128519264e-06
2229.411 -3.194900417259875e-06
2237.828 -4.4437590433126995e-06
2246.245 -5.594771353331429e-06
2254.661 -6.058152811943512e-06
2263.078 -6.733740604595658e-06
2271.494 -5.963602135431715e-06
2279.911 -6.100246693232753e-06
2288.328 -7.494921980667759e-06
2296.744 -1.0163481609225057e-05
2305.161 -7.90131493914007e-06
2313.578 -4.668295604412096e-06
2321.994 -9.127337489768624e-06
2330.411 -6.327965954317516e-06
2338.827 -1.0292877529333877e-05
2347.244 -1.330863518941841e-05
2355.661 -8.853548077237472e-06
2364.077 -5.371376945879283e-06
2372.494 -1.21100725851077e-05
2380.911 -6.706870076308655e-06
2389.327 -6.235895432149804e-06
2397.744 -5.679921049674512e-06
2406.16 -4.2558723997186555e-06
2414.577 -2.225147818880544e-06
2422.994 -3.0065151366233686e-06
2431.41 -2.1619226484888282e-06
2439.827 -1.4165010051253232e-06
2448.244 -1.353674198788227e-06
2456.66 -9.059336148492985e-07
2465.077 -5.512053612746507e-07
2473.494 -4.964393120860853e-07
2481.91 -3.171441485096752e-07
2490.327 -2.497887842655394e-07
2498.743 -2.791162317851964e-07
