1009.0 -6.963612748332105e-13
1017.417 -1.7232710308934167e-11
1025.834 -3.439612228704715e-12
1034.25 -1.4006178841606872e-12
1042.667 -2.957254967192457e-11
1051.084 -1.5218399987430274e-11
1059.5 -4.5746956837729845e-11
1067.917 -4.147062895849407e-11
1076.333 -7.656349148397082e-11
1084.75 -5.544860022153295e-10
1093.167 -3.1706884081493824e-09
1101.583 -2.7226709808749014e-09
1110.0 -1.9826902862457998e-08
1118.417 -5.993522039770712e-08
1126.833 -1.647317126136691e-07
1135.25 -1.5475540202205294e-07
1143.666 -1.3641762378265549e-07
1152.083 -3.821925905763631e-07
1160.5 -4.737275438109141e-07
1168.916 -3.550944716581777e-07
1177.333 -1.835990226646286e-07
1185.75 -1.0844976008233458e-07
1194.166 -6.558019767297025e-08
1202.583 -3.5959918411811444e-08
1210.999 -1.4053455907484505e-08
1219.416 -4.5549610165176024e-09
1227.833 -4.341754280829815e-09
1236.249 -3.6556990481487295e-09
1244.666 -1.4060144124998161e-09
1253.083 -2.9518864552020717e-10
1261.499 -1.612497863659395e-10
1269.916 -2.000847031510394e-10
1278.332 -1.6664161831849878e-10
1286.749 -2.3869323677564484e-10
1295.166 -5.989037351066649e-10
1303.582 -1.1580372293913699e-08
1311.999 -7.833440452539324e-08
1320.416 -1.1027345899516866e-07
1328.832 -1.779185174703045e-07
1337.249 -2.6593514854334886e-07
1345.665 -3.2662573210396417e-07
1354.082 -1.8615140558125494e-07
1362.499 -2.0689929737562487e-10
1370.915 1.6097873926026928e-10
1379.332 7.129837431480345e-11
1387.749 1.5147313019427146e-10
1396.165 4.936754519105912e-12
1404.582 -3.584047919653964e-09
1412.999 -5.391971805920471e-08
1421.415 -1.4740352433724697e-07
1429.832 -1.3750688920837753e-07
1438.248 -6.615494831929469e-08
1446.665 -4.153463190036087e-08
1455.082 -3.030292059520055e-08
1463.498 -2.317685840901907e-08
1471.915 -3.233185303989824e-08
1480.332 -2.575867696588532e-08
1488.748 -1.2481706768401628e-08
1497.165 -7.00660764884979e-09
1505.581 -5.463996032427343e-09
1513.998 -3.2992857982559182e-09
1522.415 -2.1020363490999915e-09
1530.831 -1.2326448895130531e-09
1539.248 -8.944729808203289e-10
1547.665 -4.922152116281996e-10
1556.081 -6.287198950565864e-10
1564.498 -7.382267807518334e-10
1572.914 -6.444972898979547e-10
1581.331 -5.847538558574682e-10
1589.748 -6.695499981661202e-10
1598.164 -4.369556354008516e-09
1606.581 -2.2918185736662612e-08
1614.998 -6.713188782921043e-08
1623.414 -2.7266003597370495e-07
1631.831 -6.986429050145068e-07
1640.247 -7.237150199846782e-07
1648.664 -7.608645827905378e-07
1657.081 -5.657221368567239e-07
1665.497 -1.2693265974612944e-06
1673.914 -5.047836064083709e-07
1682.331 -4.5781747742655283e-07
1690.747 -6.283872825613296e-07
1699.164 -9.039458703201267e-07
1707.58 -1.177036974370716e-06
1715.997 -4.974907707260676e-07
1724.414 -9.621565956672435e-07
1732.83 -7.978251266288253e-07
1741.247 -4.4270935285878463e-07
1749.664 -2.445652255636596e-07
1758.08 -1.6574281923084746e-07
1766.497 -3.462224173094872e-07
1774.913 -5.884142358248946e-07
1783.33 -3.56510771632003e-07
1791.747 -6.361393085441413e-07
1800.163 -1.5872244094573276e-07
1808.58 -1.5522265206349875e-07
1816.997 -1.0847635697935512e-07
1825.413 -6.895406405207099e-10
1833.83 9.759769641751615e-10
1842.246 8.825816259706808e-10
1850.663 1.09062002335333e-09
1859.08 1.1397726972476685e-09
1867.496 9.532896469716275e-10
1875.913 9.609879636479188e-10
1884.33 1.2835751447652271e-09
1892.746 1.2860504808351069e-09
1901.163 1.1541630225680973e-09
1909.579 1.2112676697339595e-09
1917.996 1.4001165170906483e-09
1926.413 1.708897118839385e-09
1934.829 1.5352386346233747e-09
1943.246 -3.1842421763038414e-09
1951.663 1.9625200038560707e-09
1960.079 4.749904139503807e-09
1968.496 4.120805901616666e-09
1976.913 4.5314369696888355e-09
1985.329 6.589312489493984e-09
1993.746 1.0116211322588995e-08
2002.162 1.1050686729672635e-08
2010.579 1.037590913034826e-08
2018.996 1.015930415985312e-08
2027.412 1.1613266580889754e-08
2035.829 1.151525870294234e-08
2044.246 1.2209932844785049e-08
2052.662 1.2428514817889424e-08
2061.079 1.2517167869359148e-08
2069.495 1.2656808201241847e-08
2077.912 1.318276030190709e-08
2086.329 1.3482329381645915e-08
2094.745 1.3469101752786596e-08
2103.162 1.166844019924065e-08
2111.579 7.29910255662566e-09
2119.995 -4.1915047244775644e-09
2128.412 -3.0722659435094246e-08
2136.828 -1.1462541311672438e-07
2145.245 -2.74381257268245e-07
2153.662 -5.214887010520939e-07
2162.078 -7.544805968983601e-07
2170.495 -8.150758694935197e-07
2178.912 -5.970769149910224e-07
2187.328 -3.555632252276921e-07
2195.745 -1.642244007809409e-06
2204.161 -3.5002989398624077e-06
2212.578 -1.0519376920070695e-06
2220.995 -1.8421591989367783e-06
2229.411 -2.7597771706222632e-06
2237.828 -3.8110651594411684e-06
2246.245 -4.677800265188496e-06
2254.661 -5.0973068805822105e-06
2263.078 -5.368311908746809e-06
2271.494 -4.6849481907448735e-06
2279.911 -4.792167515573355e-06
2288.328 -6.119980134609413e-06
2296.744 -8.24085400255063e-06
2305.161 -6.368854498484048e-06
2313.578 -2.952652602775824e-06
2321.994 -7.015397012505707e-06
2330.411 -5.313941880335719e-06
2338.827 -8.273346426623377e-06
2347.244 -1.0437011484948782e-05
2355.661 -6.610801673471605e-06
2364.077 -4.0792976360509545e-06
2372.494 -8.542650837289241e-06
2380.911 -5.105216533704476e-06
2389.327 -4.730141845247171e-06
2397.744 -4.567841581604683e-06
2406.16 -3.4371689922625866e-06
2414.577 -1.8728335745024965e-06
2422.994 -2.74910904748269e-06
2431.41 -1.9557117245546583e-06
2439.827 -1.3502570576626641e-06
2448.244 -1.298484756729528e-06
2456.66 -8.713112314900866e-07
2465.077 -5.255191186185488e-07
2473.494 -4.652098571381402e-07
2481.91 -2.881970469785841e-07
2490.327 -2.3226904974470898e-07
2498.743 -2.572486941716056e-07
