1009.0 -3.0399456813733134e-15
1017.417 -1.6739516694879058e-12
1025.834 -1.8361539898930264e-11
1034.25 -3.082734095494546e-11
1042.667 -3.9612742922005844e-11
1051.084 -6.41868966036814e-11
1059.5 -9.529163570531186e-11
1067.917 -8.763373580475783e-11
1076.333 -9.821510553010386e-11
1084.75 -6.510934487621773e-10
1093.167 -4.13888974433149e-09
1101.583 -4.0009749220680645e-09
1110.0 -2.3555883484023434e-08
1118.417 -6.978876479231594e-08
1126.833 -1.8297980692167415e-07
1135.25 -1.7461403973783064e-07
1143.666 -1.5662473483917693e-07
1152.083 -4.144301979489512e-07
1160.5 -5.093593998152839e-07
1168.916 -3.7957142283207543e-07
1177.333 -2.043251930398057e-07
1185.75 -1.3723461264570512e-07
1194.166 -8.201766374412381e-08
1202.583 -4.1854139816321776e-08
1210.999 -1.4722851053235335e-08
1219.416 -4.664847405002828e-09
1227.833 -4.496823570965617e-09
1236.249 -3.661673974936629e-09
1244.666 -1.3933814452106528e-09
1253.083 -3.9320523207723217e-10
1261.499 -3.033452524801042e-10
1269.916 -3.810245950695061e-10
1278.332 -3.635611897784335e-10
1286.749 -3.659644993301124e-10
1295.166 -6.279374656367415e-10
1303.582 -1.3333902291795549e-08
1311.999 -8.6542626923574e-08
1320.416 -1.2129041849793372e-07
1328.832 -2.0562537145153623e-07
1337.249 -2.952546273490674e-07
1345.665 -3.6420640524339173e-07
1354.082 -2.0706667209949158e-07
1362.499 -2.639183345182396e-10
1370.915 7.894198633498691e-11
1379.332 4.732987068340107e-11
1387.749 5.7008238522292304e-11
1396.165 -5.0993362143863354e-11
1404.582 -4.101646446996946e-09
1412.999 -6.322238267729066e-08
1421.415 -1.673743693384524e-07
1429.832 -1.536708449507531e-07
1438.248 -7.798954475164597e-08
1446.665 -5.499877446060526e-08
1455.082 -4.0141726192350464e-08
1463.498 -3.1450957140040584e-08
1471.915 -3.599895084749103e-08
1480.332 -3.0918140150768196e-08
1488.748 -1.3818955611031812e-08
1497.165 -8.04085850584048e-09
1505.581 -5.8163266232011345e-09
1513.998 -3.9129324947104985e-09
1522.415 -2.1569738230203353e-09
1530.831 -1.4744944735946364e-09
1539.248 -1.3063558596025953e-09
1547.665 -1.1533999049882055e-09
1556.081 -1.2299161264117806e-09
1564.498 -1.1167540371361457e-09
1572.914 -1.0499668325019339e-09
1581.331 -9.323355891594713e-10
1589.748 -1.2536325474539035e-09
1598.164 -4.523951838004961e-09
1606.581 -2.4673979604276798e-08
1614.998 -7.483702250889797e-08
1623.414 -2.846892848270536e-07
1631.831 -8.315868128988665e-07
1640.247 -1.0773614517940803e-06
1648.664 -1.0376854679165222e-06
1657.081 -7.191709964452075e-07
1665.497 -1.8615718833291852e-06
1673.914 -6.647670087184186e-07
1682.331 -5.984933066800041e-07
1690.747 -7.747678612470687e-07
1699.164 -9.898445018078716e-07
1707.58 -1.2506546242419743e-06
1715.997 -5.307989398933649e-07
1724.414 -1.0280711094958608e-06
1732.83 -8.495445797334472e-07
1741.247 -4.713723248447641e-07
1749.664 -2.64185493415144e-07
1758.08 -1.8326334139386228e-07
1766.497 -3.73875974901488e-07
1774.913 -6.363881510780384e-07
1783.33 -3.97016809085372e-07
1791.747 -7.06642343555866e-07
1800.163 -1.851106532199612e-07
1808.58 -1.7779999013862775e-07
1816.997 -1.215978383668583e-07
1825.413 -1.191676811019906e-09
1833.83 7.951273523628237e-10
1842.246 7.809686819166041e-10
1850.663 7.917889069850726e-10
1859.08 8.795513456539421e-10
1867.496 8.920177567762587e-10
1875.913 8.174937046140436e-10
1884.33 1.2520738559915742e-09
1892.746 1.2493774600626117e-09
1901.163 1.0501538066757112e-09
1909.579 1.0736800808825115e-09
1917.996 1.4208115925450501e-09
1926.413 9.942523642681975e-10
1934.829 -9.123637689883965e-09
1943.246 -2.1695055709988943e-08
1951.663 -1.7773454969285516e-08
1960.079 -1.9209322787218217e-08
1968.496 -2.3395113416767724e-08
1976.913 -2.093988446398424e-08
1985.329 -1.9216153320147756e-08
1993.746 -1.670381755952425e-08
2002.162 -1.732469877653388e-08
2010.579 -1.7228172193921863e-08
2018.996 -1.6575029093108003e-08
2027.412 -1.6209727663947487e-08
2035.829 -1.7272560480267027e-08
2044.246 -1.7599158670828268e-08
2052.662 -1.81999523849339e-08
2061.079 -1.882767091332463e-08
2069.495 -1.766163821270411e-08
2077.912 -1.8105329595351696e-08
2086.329 -1.841812110657663e-08
2094.745 -1.8820886150307463e-08
2103.162 -2.0545121605143725e-08
2111.579 -2.5469296991441235e-08
2119.995 -3.758183726696171e-08
2128.412 -6.580209836505196e-08
2136.828 -1.5317117473920998e-07
2145.245 -3.068317490434908e-07
2153.662 -5.718183404484759e-07
2162.078 -8.594781709047463e-07
2170.495 -9.495079674249759e-07
2178.912 -7.338795090981301e-07
2187.328 -4.2144208713052327e-07
2195.745 -2.168845567887831e-06
2204.161 -4.302034307790287e-06
2212.578 -1.194740797027899e-06
2220.995 -2.151447452854728e-06
2229.411 -3.2779977373792602e-06
2237.828 -4.560739662717723e-06
2246.245 -5.7668867424978065e-06
2254.661 -6.242414474718698e-06
2263.078 -6.997991145115885e-06
2271.494 -6.224611957892858e-06
2279.911 -6.369747572558898e-06
2288.328 -7.773982216567174e-06
2296.744 -1.0536495741669807e-05
2305.161 -8.202290791912907e-06
2313.578 -5.031528076872453e-06
2321.994 -9.5422660496193e-06
2330.411 -6.5200887709132245e-06
2338.827 -1.0680178723882091e-05
2347.244 -1.3880150060631665e-05
2355.661 -9.336043635425344e-06
2364.077 -5.658259932714386e-06
2372.494 -1.2851484123904573e-05
2380.911 -7.031202479422979e-06
2389.327 -6.545862443642396e-06
2397.744 -5.89431136734682e-06
2406.16 -4.416949551689999e-06
2414.577 -2.2925872058239894e-06
2422.994 -3.0558862719743307e-06
2431.41 -2.20049007944595e-06
2439.827 -1.4304485903397163e-06
2448.244 -1.3655522492184157e-06
2456.66 -9.11320757507096e-07
2465.077 -5.542153494749635e-07
2473.494 -4.986357118461101e-07
2481.91 -3.1756943628499156e-07
2490.327 -2.5021496187968015e-07
2498.743 -2.8393036059195e-07
