1009.0 -4.913285224795164e-13
1017.417 -1.107323640771023e-11
1025.834 -1.2208194960047082e-11
1034.25 -1.578826341519242e-11
1042.667 -3.616899354569757e-11
1051.084 -2.979544887525009e-11
1059.5 -6.565249369169276e-11
1067.917 -5.699463693554142e-11
1076.333 -7.449207203422403e-11
1084.75 -6.268663720952591e-10
1093.167 -3.5781566012578254e-09
1101.583 -3.726950635715795e-09
1110.0 -2.2279393714493222e-08
1118.417 -6.242475679518895e-08
1126.833 -1.6701288436104188e-07
1135.25 -1.5269717297100042e-07
1143.666 -1.3660725225986276e-07
1152.083 -3.905246232851285e-07
1160.5 -4.770217924703202e-07
1168.916 -3.527726535658167e-07
1177.333 -1.7838765680720407e-07
1185.75 -1.0750482662612968e-07
1194.166 -6.577037258673739e-08
1202.583 -3.5815181994441715e-08
1210.999 -1.4552258704709594e-08
1219.416 -4.686693887271568e-09
1227.833 -4.458102917164734e-09
1236.249 -3.5600548514321423e-09
1244.666 -1.345221908212432e-09
1253.083 -3.5676776679428303e-10
1261.499 -1.8531042386577952e-10
1269.916 -1.326524458771314e-10
1278.332 -1.763228333651725e-10
1286.749 -2.0570786162623175e-10
1295.166 -5.354145618576951e-10
1303.582 -1.1196236616604778e-08
1311.999 -7.873657008109979e-08
1320.416 -1.1400625777629e-07
1328.832 -1.7998165656835514e-07
1337.249 -2.626046513774567e-07
1345.665 -3.3301917669678294e-07
1354.082 -1.895850003774211e-07
1362.499 -2.4922965040088054e-10
1370.915 1.6387940483587896e-10
1379.332 9.245593229793108e-11
1387.749 5.1786593109642636e-11
1396.165 -4.4312538468308625e-11
1404.582 -3.344314882880127e-09
1412.999 -5.530975861382582e-08
1421.415 -1.537004955339846e-07
1429.832 -1.3369074179713843e-07
1438.248 -6.28583214416208e-08
1446.665 -5.193746077086473e-08
1455.082 -3.4382569422716334e-08
1463.498 -2.6239974311827666e-08
1471.915 -3.4774294398630254e-08
1480.332 -2.66750830252595e-08
1488.748 -1.1349459195363014e-08
1497.165 -7.413975447981377e-09
1505.581 -4.800904432119953e-09
1513.998 -3.2924924332691633e-09
1522.415 -2.2304103374586913e-09
1530.831 -1.4698168930744459e-09
1539.248 -8.226149054308153e-10
1547.665 -7.84021668100669e-10
1556.081 -7.452554344225212e-10
1564.498 -5.886628966567913e-10
1572.914 -7.506251581494985e-10
1581.331 -5.233776582771635e-10
1589.748 -9.95641253768366e-10
1598.164 -4.235012138449889e-09
1606.581 -2.3330091108175273e-08
1614.998 -6.83854420982633e-08
1623.414 -2.7520370308593415e-07
1631.831 -7.401393627769349e-07
1640.247 -8.114768534499783e-07
1648.664 -8.235794363908818e-07
1657.081 -6.066241031339446e-07
1665.497 -1.4244486731316341e-06
1673.914 -5.473969476589813e-07
1682.331 -4.968816729355608e-07
1690.747 -6.738134901191563e-07
1699.164 -9.30477146851302e-07
1707.58 -1.1945470743455077e-06
1715.997 -5.03285736627274e-07
1724.414 -9.797163208900908e-07
1732.83 -8.081852117191966e-07
1741.247 -4.4648484526294424e-07
1749.664 -2.433899214377611e-07
1758.08 -1.6822211772839533e-07
1766.497 -3.5277970513757716e-07
1774.913 -6.005574406634706e-07
1783.33 -3.6305299120441627e-07
1791.747 -6.554014215445923e-07
1800.163 -1.616353903791477e-07
1808.58 -1.5450521243792672e-07
1816.997 -1.0633974256551174e-07
1825.413 -6.647747932429744e-10
1833.83 9.106140879611035e-10
1842.246 1.0523608839144131e-09
1850.663 1.0246628542511803e-09
1859.08 8.494113265314409e-10
1867.496 8.312010511919145e-10
1875.913 9.523081281078464e-10
1884.33 1.2887515901295875e-09
1892.746 1.2645688873700677e-09
1901.163 1.126360920993765e-09
1909.579 1.220045246505031e-09
1917.996 1.5454088412110757e-09
1926.413 1.6187477610379228e-09
1934.829 -1.323047714045032e-10
1943.246 -1.1625905108685907e-09
1951.663 5.135964033062481e-09
1960.079 5.008994606850243e-09
1968.496 4.84889640195017e-09
1976.913 4.2122899390521965e-09
1985.329 6.51653904607431e-09
1993.746 9.95747892249544e-09
2002.162 9.458459527562762e-09
2010.579 1.0817558508969399e-08
2018.996 1.145542193429726e-08
2027.412 1.220618587962242e-08
2035.829 1.2368827404313755e-08
2044.246 1.1759346639765263e-08
2052.662 1.237427253443767e-08
2061.079 1.3478019979219312e-08
2069.495 1.3408815188946793e-08
2077.912 1.3143424625537898e-08
2086.329 1.3173247046224971e-08
2094.745 1.3145506064255986e-08
2103.162 1.2087599412668941e-08
2111.579 7.284221347366649e-09
2119.995 -5.700231357605877e-09
2128.412 -3.198174506080755e-08
2136.828 -1.1596535358066626e-07
2145.245 -2.8181367676450436e-07
2153.662 -5.348368389850787e-07
2162.078 -7.862041274963945e-07
2170.495 -8.555934546976486e-07
2178.912 -6.36123072991851e-07
2187.328 -3.624976926004928e-07
2195.745 -1.798445446948179e-06
2204.161 -3.7417799975452797e-06
2212.578 -1.1015057955655456e-06
2220.995 -1.933061410222386e-06
2229.411 -2.9066314743639517e-06
2237.828 -4.025194762942505e-06
2246.245 -4.986241155633787e-06
2254.661 -5.417295395769751e-06
2263.078 -5.819991872415799e-06
2271.494 -5.085665979542106e-06
2279.911 -5.203342573814086e-06
2288.328 -6.5568577870148995e-06
2296.744 -8.885314897194221e-06
2305.161 -6.883325229265166e-06
2313.578 -3.4653047638332573e-06
2321.994 -7.711996176653628e-06
2330.411 -5.667782214357801e-06
2338.827 -8.93791830250737e-06
2347.244 -1.135275867586517e-05
2355.661 -7.284821008153534e-06
2364.077 -4.452092179062411e-06
2372.494 -9.63917663529436e-06
2380.911 -5.617643551378584e-06
2389.327 -5.196454175149754e-06
2397.744 -4.930998942758786e-06
2406.16 -3.703995431986493e-06
2414.577 -1.994599569943337e-06
2422.994 -2.842927562261541e-06
2431.41 -2.029378071571265e-06
2439.827 -1.3704561047733528e-06
2448.244 -1.318762878093309e-06
2456.66 -8.897655201090805e-07
2465.077 -5.367195833819876e-07
2473.494 -4.809299236668428e-07
2481.91 -3.125905996288084e-07
2490.327 -2.4568473629932947e-07
2498.743 -2.631102773008278e-07
