1968.49597
1976.91333
1985.32898
1993.74573
2002.16174
2010.5791
2018.99609
2027.41223
2035.82874
2044.24634
2052.66162
2061.0791
2069.49463
2077.91235
2086.3291
2094.74512
2103.16187
2111.5791
2119.99438
2128.41162
2136.82788
2145.24487
2153.66187
2162.07788
2170.49487
2178.91211
2187.32788
2195.74487
2204.16113
2212.57788
2220.99512
2229.41064
2237.82788
2246.24512
2254.66089
2263.07764
2271.4939
2279.91089
2288.32764
2296.7439
2305.16064
2313.57764
2321.99414
2330.4104
2338.8269
2347.24414
2355.66064
2364.0769
2372.49365
2380.9104
2389.32715
2397.74365
2406.16016
2414.5769
2422.9939
2431.41016
2439.8269
2448.24365
2456.65967
2465.0769
2473.49365
2481.91016
2490.3269
2498.74268
2507.15991
2515.57715
