2.4242807541103852
2.4242807541103852
2.4242807541103852
2.4242807541103852
2.4242807541103852
2.4242807541103852
2.4242807541103852
2.4228547066079678
2.420002611603132
2.4142984215934606
2.4028900415741172
2.388629566549939
2.3700909490185063
2.3458481414774024
2.3187532389314627
2.2888062413806876
2.2560071488250766
2.214651771254958
2.1690182511775857
2.1105503035784534
2.030691643443052
1.932294365776219
1.8139324230755356
1.6984225753796878
1.5943211077031831
1.5044801150508569
1.4075088848864414
1.3028369982089694
1.1836194270068352
1.0638314368037338
0.943758237100149
0.8040055818631973
0.657978317615607
0.51779784812793
0.3954429724204764
0.2994699755077535
0.2352978378989492
0.21390712536268106
0.21390712536268106
0.21390712536268106
0.21390712536268106
0.21390712536268106
0.21390712536268106
0.19964665033850235
0.1853861753143236
0.17112570029014484
0.1568652252659661
0.13547451272969802
0.08556285014507242
0.04278142507253621
