2.0632176630726686
2.0632176630726686
2.0632176630726686
2.0632176630726686
2.0632176630726686
2.0632176630726686
2.0632176630726686
2.0620040056238023
2.05957669072607
2.054722060930605
2.0450128013396744
2.0328762268510117
2.01709868001575
1.9964665033850235
1.973407011856564
1.9479202054303724
1.9200060841064481
1.8848100180893261
1.8459729797256053
1.796213024322088
1.7282482071855765
1.6445058432138036
1.5437722749579026
1.4454660215997344
1.3568690278324964
1.2804086085539208
1.197879902031014
1.1087974452842295
1.0073356825590087
0.9053884568542416
0.8031984996597014
0.6842600696708062
0.5599815469068996
0.44067901968334466
0.33654721057061826
0.2548680642619179
0.2002534790629355
0.18204861732994135
0.18204861732994135
0.18204861732994135
0.18204861732994135
0.18204861732994135
0.18204861732994135
0.16991204284127862
0.15777546835261586
0.14563889386395307
0.13350231937529033
0.1152974576422962
0.07281944693197653
0.03640972346598827
