1009.0 -3.870027110213173e-111
1017.417 -1.3237701976264397e-90
1025.834 -2.0897525443204655e-72
1034.25 -1.517637266512191e-56
1042.667 -5.12433314885308e-43
1051.084 -8.045800656106937e-32
1059.5 -5.943233322604782e-23
1067.917 -2.1831235830325684e-16
1076.333 -4.974715097007357e-12
1084.75 -1.3193301247616066e-09
1093.167 -5.905734085761019e-09
1101.583 -1.8793337184244848e-09
1110.0 -2.5730862480368345e-08
1118.417 -4.5274384299521176e-08
1126.833 -8.850320391106836e-08
1135.25 -1.0878142470494815e-07
1143.666 -8.912385993477026e-08
1152.083 -2.2654870707476415e-07
1160.5 -3.5267854383197923e-07
1168.916 -3.049373465425349e-07
1177.333 -1.9345094271433232e-07
1185.75 -1.256358427710465e-07
1194.166 -5.0185331535825285e-08
1202.583 -2.265242845656481e-08
1210.999 -1.2832114063807675e-08
1219.416 -6.6520848102215125e-09
1227.833 -5.335041089881808e-09
1236.249 -3.958142556207833e-09
1244.666 -7.016024059021798e-10
1253.083 -2.7737081793942577e-11
1261.499 -1.5951199332129614e-10
1269.916 -5.065685651492518e-10
1278.332 -4.719713742980767e-10
1286.749 -1.0415919855571613e-09
1295.166 -6.347558355936338e-10
1303.582 -1.057968332072132e-08
1311.999 -7.440662042832846e-08
1320.416 -1.0606443578327853e-07
1328.832 -2.455349106347293e-07
1337.249 -2.1982289335171876e-07
1345.665 -1.5386192934707798e-07
1354.082 -1.0718492657797262e-08
1362.499 1.9549260253229006e-10
1370.915 3.920173779607409e-10
1379.332 3.43707486129784e-10
1387.749 1.302313890389662e-10
1396.165 3.013633271664198e-11
1404.582 -6.197990959545961e-10
1412.999 -1.1492551312378528e-08
1421.415 -3.510484251786962e-08
1429.832 -4.557551570052597e-08
1438.248 -4.4591421286421515e-08
1446.665 -2.369622357374064e-08
1455.082 -1.9429858939343713e-08
1463.498 -2.5255102125019953e-09
1471.915 -3.1806822474790466e-08
1480.332 -4.443097109880905e-09
1488.748 -3.285927228950359e-08
1497.165 -1.0329250781369163e-08
1505.581 2.428932888983198e-08
1513.998 1.0490402410463746e-08
1522.415 -4.2526318259658754e-09
1530.831 -4.364758170227412e-09
1539.248 -3.1375806781510916e-09
1547.665 -3.5649198589112557e-09
1556.081 -3.2530694651486198e-09
1564.498 -2.242641020578009e-09
1572.914 -3.803423572372781e-09
1581.331 -2.9282752690296985e-09
1589.748 -4.11540942280496e-09
1598.164 -7.212775169014085e-09
1606.581 -2.3755781850004704e-08
1614.998 -6.221720112893264e-08
1623.414 -2.7890220195470527e-07
1631.831 -8.375117277896253e-07
1640.247 -1.1850552600918192e-06
1648.664 -1.209816608203357e-06
1657.081 -8.087475046860337e-07
1665.497 -2.4663616969288968e-06
1673.914 -7.433975486576523e-07
1682.331 -6.374322979396412e-07
1690.747 -7.886285445902207e-07
1699.164 -9.96550640100495e-07
1707.58 -1.20626927307591e-06
1715.997 -4.908665759309271e-07
1724.414 -9.709790342494572e-07
1732.83 -7.717588015004079e-07
1741.247 -4.041339870344463e-07
1749.664 -2.2813740242164363e-07
1758.08 -1.546998830424981e-07
1766.497 -3.4826169770131807e-07
1774.913 -5.01105095971567e-07
1783.33 -3.057866108069106e-07
1791.747 -6.054163149779661e-07
1800.163 -1.4722481207268967e-07
1808.58 -8.753079412891574e-08
1816.997 -2.4669444521262143e-08
1825.413 3.4970438046219674e-10
1833.83 7.969022172920587e-10
1842.246 6.319532759629916e-10
1850.663 9.46597814133205e-10
1859.08 1.4142505011337285e-09
1867.496 5.782388318163866e-10
1875.913 6.474570388162118e-10
1884.33 6.304213096426666e-10
1892.746 4.899794097197324e-10
1901.163 1.4444143112508574e-10
1909.579 7.866430574802643e-10
1917.996 7.995509703578446e-10
1926.413 7.335014775579159e-10
1934.829 -4.8034016349621734e-11
1943.246 8.399845267226773e-09
1951.663 1.3315973585815616e-08
1960.079 -7.043887386814207e-09
1968.496 -2.571440218383515e-08
1976.913 -1.4848050312415959e-08
1985.329 -1.0376042514893466e-08
1993.746 -5.515691804162979e-09
2002.162 -1.617619431656869e-09
2010.579 7.429853574506439e-09
2018.996 2.8659299978987348e-08
2027.412 -8.952673070784215e-09
2035.829 -7.973408857551448e-09
2044.246 -9.828128519711722e-09
2052.662 -9.19776971250244e-09
2061.079 -8.836309505534318e-09
2069.495 -7.774054564201726e-09
2077.912 -9.222446986440538e-09
2086.329 -8.086883381133755e-09
2094.745 -7.998944229515774e-09
2103.162 -8.565479717565485e-09
2111.579 2.0775435198915462e-08
2119.995 -2.5365925588194792e-08
2128.412 -5.2588047904895104e-08
2136.828 -1.3466163705180369e-07
2145.245 -2.7735613046270057e-07
2153.662 -4.949673332806852e-07
2162.078 -8.132602414053673e-07
2170.495 -9.062131207616528e-07
2178.912 -6.931905518546943e-07
2187.328 -4.08121651424304e-07
2195.745 -2.531710529957957e-06
2204.161 -4.626933030357281e-06
2212.578 -1.1740207607616004e-06
2220.995 -2.109456839039449e-06
2229.411 -3.2726577833820575e-06
2237.828 -4.424217368722879e-06
2246.245 -6.1284644245665375e-06
2254.661 -6.530412189014178e-06
2263.078 -7.483518266413857e-06
2271.494 -6.9203487684213095e-06
2279.911 -7.225839221410057e-06
2288.328 -8.62129339475684e-06
2296.744 -1.1313040248140127e-05
2305.161 -8.792688595977947e-06
2313.578 -8.584886070407103e-06
2321.994 -1.1250443719662935e-05
2330.411 -6.716531120448551e-06
2338.827 -1.12484107833996e-05
2347.244 -1.336695405861887e-05
2355.661 -1.0178148267599166e-05
2364.077 -8.16724410017359e-06
2372.494 -1.8960990872391843e-05
2380.911 -7.222150889416473e-06
2389.327 -6.23413827411349e-06
2397.744 -5.567512671542996e-06
2406.16 -4.07941075649752e-06
2414.577 -1.964586978231439e-06
2422.994 -2.5350706681418217e-06
2431.41 -1.8924116333511748e-06
2439.827 -1.3025976156143337e-06
2448.244 -8.707731451429178e-07
2456.66 -6.910803057454122e-07
2465.077 -3.9733367449351756e-07
2473.494 -2.535426382273844e-07
2481.91 -1.5006772290043857e-07
2490.327 -9.12440868388221e-08
2498.743 -1.1845701899233144e-07
