1202.583 -4.179491112793197e-09
1210.999 -1.3024977977942178e-09
1219.416 -1.5973993558400166e-09
1227.833 -1.0639926479738264e-09
1236.249 -9.296004021852549e-10
1244.666 -1.8479332820408443e-10
1253.083 -2.715421667598126e-11
1261.499 2.8775442641870147e-11
1269.916 4.131941091087301e-10
1278.332 5.188364342069633e-10
1286.749 3.7279233098883957e-10
1295.166 2.9380134328446753e-10
1303.582 -2.666238300931793e-09
1311.999 -2.472917021041701e-08
1320.416 -3.525259317683897e-08
1328.832 -5.1612321680305906e-08
1337.249 -7.341055251867798e-08
1345.665 -8.744392943496518e-08
1354.082 -4.485382520639352e-08
1362.499 6.214026483873173e-11
1370.915 2.347579997311562e-10
1379.332 5.757901969875086e-10
1387.749 1.7703382960023031e-10
1396.165 2.7335635134270123e-10
1404.582 -7.202774435469788e-10
1412.999 -1.3355152380946442e-08
1421.415 -3.05033309388662e-08
1429.832 -3.5270207515345116e-08
1438.248 -1.6367883208667414e-08
1446.665 -8.903265990493854e-09
1455.082 -3.3249885117504055e-09
1463.498 3.496919894976363e-11
1471.915 -5.617414773649179e-09
1480.332 -6.901542413939677e-09
1488.748 -6.290984503664047e-09
1497.165 1.2800748976961744e-09
1505.581 2.876069655916342e-09
1513.998 -6.076994121689874e-10
1522.415 4.635339112341585e-10
1530.831 7.708412517866428e-10
1539.248 9.842305576803563e-10
1547.665 1.1916205167296551e-09
1556.081 1.5515600751129401e-09
1564.498 1.5506625257614056e-09
1572.914 1.5404640199334926e-09
1581.331 1.3663729151643645e-09
1589.748 1.1888720320138843e-09
1598.164 -9.486394022184799e-11
1606.581 -6.863036277074254e-09
1614.998 -1.600800232433763e-08
1623.414 -8.214542111123823e-08
1631.831 -2.4712281521087097e-07
1640.247 -3.068750783850303e-07
1648.664 -2.915475101563876e-07
1657.081 -2.1609631972914057e-07
1665.497 -5.966297984634839e-07
1673.914 -2.0417196824463767e-07
1682.331 -1.773957411277402e-07
1690.747 -2.20558139646689e-07
1699.164 -2.8299761936864406e-07
1707.58 -3.3859220745223224e-07
1715.997 -1.4641948692446277e-07
1724.414 -2.903199046225345e-07
1732.83 -2.3657972027931516e-07
1741.247 -1.275610182419102e-07
1749.664 -6.798205821373684e-08
1758.08 -4.807694213254505e-08
1766.497 -1.0158462039521712e-07
1774.913 -1.6647604521228993e-07
1783.33 -9.637001284217344e-08
1791.747 -1.8263178327818677e-07
1800.163 -4.5660424114097524e-08
1808.58 -3.879138248689115e-08
1816.997 -3.016809241741541e-08
1825.413 2.236415010921174e-10
1833.83 2.981359529422934e-10
1842.246 4.5509317515595323e-10
1850.663 5.379962685616629e-10
1859.08 7.094184826851458e-10
1867.496 4.913462309579835e-10
1875.913 6.07428547550966e-10
1884.33 8.999150425238098e-10
1892.746 5.252496679280055e-10
1901.163 5.462100889335313e-10
1909.579 5.33828244282435e-10
1917.996 6.041710177121351e-10
1926.413 9.777826468382317e-10
1934.829 2.9956308472840085e-09
1943.246 2.066802469229691e-09
1951.663 7.204313058353021e-10
1960.079 3.4083132984803877e-09
1968.496 -1.44341034889303e-09
1976.913 5.056609337186471e-09
1985.329 6.674296298290387e-09
1993.746 5.9627571390940584e-09
2002.162 4.321798215222332e-09
2010.579 3.4606219254980456e-09
2018.996 2.1287747471785644e-09
2027.412 6.3584306488776695e-09
2035.829 7.044128284781694e-09
2044.246 1.0722309750763763e-09
2052.662 -1.3288196475113031e-09
2061.079 7.285715834134598e-09
2069.495 7.59284133584714e-09
2077.912 7.279660946412644e-09
2086.329 7.971653343630224e-09
2094.745 7.465877685422721e-09
2103.162 8.556022381276297e-09
2111.579 1.8361668736510552e-08
2119.995 1.0455563240875534e-08
2128.412 -3.2100121884552607e-09
2136.828 -3.262094440500627e-08
2145.245 -8.270836618508952e-08
2153.662 -1.592505920440001e-07
2162.078 -2.497450255492483e-07
2170.495 -2.758832624770706e-07
2178.912 -2.197109682297474e-07
2187.328 -1.2258763442102096e-07
2195.745 -6.534955024371638e-07
2204.161 -1.2731123014881643e-06
2212.578 -3.5881478626560504e-07
2220.995 -6.63413341459353e-07
2229.411 -1.0091764343979417e-06
2237.828 -1.3453086612347637e-06
2246.245 -1.7260193780656083e-06
2254.661 -1.935147775959123e-06
2263.078 -2.093513702618995e-06
2271.494 -1.920567625075863e-06
2279.911 -1.9642803454519418e-06
2288.328 -2.4051166640646836e-06
2296.744 -3.274390198814217e-06
2305.161 -2.5378925468945487e-06
2313.578 -1.590589061109811e-06
2321.994 -2.9131191333031374e-06
2330.411 -1.9779740043696495e-06
2338.827 -3.152385816775798e-06
2347.244 -4.003076457522044e-06
2355.661 -2.816093696741165e-06
2364.077 -1.7470884381502757e-06
2372.494 -3.861758555590521e-06
2380.911 -1.913807794661983e-06
2389.327 -1.8121433147990818e-06
2397.744 -1.7289903052027248e-06
2406.16 -1.3026436254505955e-06
2414.577 -6.311055757115474e-07
2422.994 -8.657760104329193e-07
2431.41 -6.4745311680063e-07
2439.827 -4.339883399117702e-07
2448.244 -3.670824097030027e-07
2456.66 -2.612176101671976e-07
2465.077 -1.3436081818692074e-07
2473.494 -1.0489592283525135e-07
2481.91 -6.991992884099115e-08
2490.327 -4.521087122116909e-08
2498.743 -5.992282973122303e-08
