1009.0 2.3407545471618796e-36
1017.417 5.635929072702315e-27
1025.834 6.258787178034602e-20
1034.25 3.2026472858572037e-15
1042.667 7.570792870685086e-13
1051.084 8.254460126519212e-13
1059.5 7.538436706627314e-15
1067.917 8.047701778331279e-13
1076.333 -6.436618601026962e-12
1084.75 -1.4094602956049734e-09
1093.167 -5.3551576001467265e-09
1101.583 -2.681886627636653e-09
1110.0 -1.7713075336845695e-08
1118.417 -4.643835129364209e-08
1126.833 -9.508286224317648e-08
1135.25 -1.1152375532146179e-07
1143.666 -9.925935717237425e-08
1152.083 -2.3557112469787856e-07
1160.5 -3.556086013775125e-07
1168.916 -2.871453150357288e-07
1177.333 -1.7562598240625778e-07
1185.75 -1.1882062183893918e-07
1194.166 -6.269373230939799e-08
1202.583 -3.295874485351695e-08
1210.999 -1.5413033872220462e-08
1219.416 -6.710735486091001e-09
1227.833 -5.100412459050858e-09
1236.249 -3.1974325206529837e-09
1244.666 -8.697389254726239e-10
1253.083 -1.165852625328434e-10
1261.499 -2.6720456097406743e-10
1269.916 -5.416314461100645e-10
1278.332 -4.946957518244852e-10
1286.749 -5.541373461286335e-10
1295.166 -7.032730341532506e-10
1303.582 -7.404673637696501e-09
1311.999 -6.942400896600262e-08
1320.416 -1.1345376484920062e-07
1328.832 -2.4228886246233576e-07
1337.249 -2.205296148325496e-07
1345.665 -1.527079574963407e-07
1354.082 -1.0546075638157875e-08
1362.499 1.31060094282875e-10
1370.915 2.6484000736825005e-10
1379.332 2.658842272850194e-10
1387.749 3.342775770129895e-10
1396.165 9.770301485424683e-11
1404.582 -7.2542124209951e-10
1412.999 -1.3632048518014933e-08
1421.415 -3.529379266733542e-08
1429.832 -4.6321830904508144e-08
1438.248 -2.650180741655822e-08
1446.665 -2.1616151613433365e-08
1455.082 -2.1343417703679346e-08
1463.498 -1.1805442152120029e-08
1471.915 -2.2622774635054284e-08
1480.332 -1.7652740024871454e-08
1488.748 -1.7711811579614974e-08
1497.165 -7.305964900541447e-09
1505.581 7.464586845779272e-10
1513.998 5.360348293314293e-11
1522.415 -5.090736167033224e-09
1530.831 -3.5403814951608067e-09
1539.248 -2.71195204501521e-09
1547.665 -2.525121799011459e-09
1556.081 -2.7235653436417258e-09
1564.498 -2.7846444655200174e-09
1572.914 -2.337221499672049e-09
1581.331 -3.3035219837830447e-09
1589.748 -3.428431698691195e-09
1598.164 -6.708660165822688e-09
1606.581 -1.9750936840359342e-08
1614.998 -6.131347254708224e-08
1623.414 -2.8135270745626635e-07
1631.831 -8.586306506559192e-07
1640.247 -1.2127870272928677e-06
1648.664 -1.2202817346246445e-06
1657.081 -8.157615191728994e-07
1665.497 -2.5193795579620217e-06
1673.914 -7.484145751772534e-07
1682.331 -6.607012608263549e-07
1690.747 -7.892367653693417e-07
1699.164 -9.841014702975215e-07
1707.58 -1.2132847398568356e-06
1715.997 -4.991989963604235e-07
1724.414 -9.721683323800248e-07
1732.83 -7.66840237254616e-07
1741.247 -4.0264387871796344e-07
1749.664 -2.2650570909741422e-07
1758.08 -1.6607755449408918e-07
1766.497 -3.51361160274057e-07
1774.913 -5.021048400186538e-07
1783.33 -3.075486248689062e-07
1791.747 -6.020319546164561e-07
1800.163 -1.4374694486051036e-07
1808.58 -8.751812595680232e-08
1816.997 -2.4590946657927787e-08
1825.413 1.4594439794238318e-10
1833.83 6.591933391561517e-10
1842.246 3.331166615534266e-10
1850.663 5.789475272023564e-10
1859.08 7.971991164191702e-10
1867.496 5.700907520584743e-10
1875.913 7.942913036258767e-10
1884.33 7.619878499151417e-10
1892.746 5.934578832927033e-10
1901.163 5.152098464620371e-10
1909.579 5.586746114599633e-10
1917.996 8.574266327137174e-10
1926.413 6.657824865430928e-10
1934.829 3.2433498748976177e-10
1943.246 -4.5069816639938745e-09
1951.663 -4.338094151731919e-08
1960.079 -1.6758640760228917e-08
1968.496 -1.8847491334379766e-08
1976.913 -1.3576516191398949e-08
1985.329 -1.1227217394154945e-08
1993.746 -8.94146988282388e-09
2002.162 -1.1028364809024155e-08
2010.579 1.815533432978431e-09
2018.996 1.8528295187789405e-08
2027.412 -7.54501602394422e-09
2035.829 -9.192269280843414e-09
2044.246 -1.0337217065876445e-08
2052.662 -1.101453237126788e-08
2061.079 -9.988192508007696e-09
2069.495 -9.417797762612618e-09
2077.912 -1.1026848824912126e-08
2086.329 -9.567160110606982e-09
2094.745 -9.91399135473901e-09
2103.162 -1.1311887232544827e-08
2111.579 -7.363690306752355e-09
2119.995 -2.4484786672006772e-08
2128.412 -5.30805450893833e-08
2136.828 -1.3685800718302192e-07
2145.245 -2.775260887839613e-07
2153.662 -5.081531930470691e-07
2162.078 -8.05929200979539e-07
2170.495 -8.950654940862762e-07
2178.912 -7.006348323702503e-07
2187.328 -3.656248408493927e-07
2195.745 -2.566357336913749e-06
2204.161 -4.62455128164133e-06
2212.578 -1.2006231437360625e-06
2220.995 -2.129399720581562e-06
2229.411 -3.3222919235644072e-06
2237.828 -4.52489124216703e-06
2246.245 -6.143900822816347e-06
2254.661 -6.628303294566462e-06
2263.078 -7.631335388929393e-06
2271.494 -7.0807961473382776e-06
2279.911 -7.392429876351338e-06
2288.328 -8.80531989596522e-06
2296.744 -1.1446145887851413e-05
2305.161 -8.890185352230666e-06
2313.578 -8.78160847843715e-06
2321.994 -1.1439745317428853e-05
2330.411 -6.819533680109169e-06
2338.827 -1.144904395537625e-05
2347.244 -1.3630665970090059e-05
2355.661 -1.0443494817983835e-05
2364.077 -8.290902973918723e-06
2372.494 -1.899405037046509e-05
2380.911 -7.171747595152298e-06
2389.327 -6.360908583788541e-06
2397.744 -5.6733876089259685e-06
2406.16 -4.108408457068144e-06
2414.577 -2.0213194554374895e-06
2422.994 -2.5539733746785867e-06
2431.41 -1.8924820281219244e-06
2439.827 -1.317137744735881e-06
2448.244 -8.780978131683942e-07
2456.66 -6.989185510334187e-07
2465.077 -4.513101993405489e-07
2473.494 -2.4504439543064196e-07
2481.91 -1.6136708353314702e-07
2490.327 -9.136741251507066e-08
2498.743 -1.0429024450327389e-07
