1009.0 0.0
1017.417 0.0
1025.834 0.0
1034.25 0.0
1042.667 0.0
1051.084 0.0
1059.5 0.0
1067.917 -2.2521032657834344e-16
1076.333 -4.858313551121534e-12
1084.75 -1.1751830139083757e-09
1093.167 -6.4710553049526835e-09
1101.583 1.0448359080333548e-08
1110.0 -3.094577310818089e-09
1118.417 -6.340856497901404e-08
1126.833 -1.3142784233323384e-07
1135.25 -1.6251449265642624e-07
1143.666 -1.334998518274866e-07
1152.083 -3.500484048050498e-07
1160.5 -4.0367555531026425e-07
1168.916 -3.586712646833968e-07
1177.333 -2.26666030181941e-07
1185.75 -1.4986655236638793e-07
1194.166 -6.779655654909092e-08
1202.583 -3.21398988096515e-09
1210.999 3.440737839109814e-09
1219.416 -2.392246016689848e-09
1227.833 -2.8142617481622105e-09
1236.249 -4.269372049407475e-09
1244.666 -9.399257007024813e-11
1253.083 -1.7231685467237687e-14
1261.499 -6.384507870276042e-12
1269.916 -3.5812329335100697e-10
1278.332 -1.4357528810412578e-09
1286.749 -6.425265694394788e-10
1295.166 -1.4405810925444168e-09
1303.582 -9.557073282799445e-09
1311.999 -1.0220988600277931e-07
1320.416 -1.186853725390581e-07
1328.832 -1.8388394623741523e-07
1337.249 -2.725232982126131e-07
1345.665 -2.928859643444286e-07
1354.082 -1.5311945324388536e-07
1362.499 -1.980948348303636e-10
1370.915 7.435064338053653e-11
1379.332 8.661238139791855e-13
1387.749 1.0976429975727607e-11
1396.165 1.0496121665316347e-10
1404.582 -2.3403625697595573e-09
1412.999 -5.6412366297241186e-08
1421.415 -1.0389581269470126e-07
1429.832 -7.678046002148689e-08
1438.248 -2.171271820508266e-07
1446.665 -1.90920888989431e-07
1455.082 -2.9025012942513602e-08
1463.498 -1.7048763557442898e-08
1471.915 -3.8629966085556526e-08
1480.332 -7.561556029848773e-08
1488.748 -2.568495487951627e-08
1497.165 8.781461791748295e-12
1505.581 3.4824772507079135e-08
1513.998 -6.0634977728041636e-09
1522.415 -7.321734340994435e-09
1530.831 -4.724194659429555e-09
1539.248 -5.169985855963503e-09
1547.665 -3.1137981535732097e-09
1556.081 -2.896413623595552e-09
1564.498 -1.6422807005171846e-09
1572.914 -2.5258885521073686e-09
1581.331 -4.59894017496556e-09
1589.748 -5.557633904980948e-09
1598.164 -5.460564964292628e-09
1606.581 -2.864165117907786e-08
1614.998 -5.902027921153423e-08
1623.414 -2.864665436151036e-07
1631.831 -8.469415661416668e-07
1640.247 -1.1186916688922484e-06
1648.664 -1.1061006574083262e-06
1657.081 -7.992051037352137e-07
1665.497 -2.2469156846065706e-06
1673.914 -7.674327056795493e-07
1682.331 -6.336464175134862e-07
1690.747 -7.587633712575279e-07
1699.164 -9.630354180201489e-07
1707.58 -1.112464790572719e-06
1715.997 -5.011302446267945e-07
1724.414 -9.760421741925326e-07
1732.83 -8.072687245249274e-07
1741.247 -4.3796805622869417e-07
1749.664 -2.3525316020525074e-07
1758.08 -1.565293071536121e-07
1766.497 -3.5712774375599976e-07
1774.913 -5.601273318363066e-07
1783.33 -3.2130432870021723e-07
1791.747 -6.087995007445319e-07
1800.163 -1.761520687673071e-07
1808.58 -1.4971200763503162e-07
1816.997 -1.122533871553404e-07
1825.413 -1.4940880475440674e-09
1833.83 6.325730962716379e-10
1842.246 4.704415014390922e-10
1850.663 6.498971369709231e-10
1859.08 3.636453288975558e-10
1867.496 3.6045806027001756e-10
1875.913 2.8577991975588906e-11
1884.33 2.6978832053091e-10
1892.746 6.609680162074979e-11
1901.163 5.520259234122216e-10
1909.579 3.482601162655079e-10
1917.996 8.460577667658966e-10
1926.413 4.992200742516102e-11
1934.829 -7.267799890369551e-09
1943.246 -3.5094712937704335e-08
1951.663 -7.378773508225717e-08
1960.079 -1.530419633458037e-08
1968.496 -2.9215710933712825e-08
1976.913 -1.8126969189487614e-08
1985.329 -1.5391747246063596e-08
1993.746 -8.101061553109127e-09
2002.162 -5.347445429970072e-09
2010.579 -2.4142259273162072e-08
2018.996 -2.9746658014387048e-08
2027.412 -1.2064015326711336e-08
2035.829 -7.01030625150889e-09
2044.246 5.8539350691697896e-08
2052.662 8.721797070041438e-08
2061.079 -8.806820270269052e-09
2069.495 -8.449145652776795e-09
2077.912 -1.0749911715498208e-08
2086.329 -8.949922721239312e-09
2094.745 -3.0547018679088304e-09
2103.162 -3.0905080281166897e-09
2111.579 -1.006886211997332e-08
2119.995 3.624319263828363e-08
2128.412 -4.775001472525743e-08
2136.828 -1.4663124552446035e-07
2145.245 -2.9455740266319896e-07
2153.662 -5.588855738691544e-07
2162.078 -8.466382508135212e-07
2170.495 -9.491476806655008e-07
2178.912 -8.028360340866552e-07
2187.328 -3.613294030394003e-07
2195.745 -2.3290965348252974e-06
2204.161 -4.4044937589900176e-06
2212.578 -1.207849682996928e-06
2220.995 -2.2742373987465605e-06
2229.411 -3.543245638655684e-06
2237.828 -4.640517848759138e-06
2246.245 -5.981868397636938e-06
2254.661 -6.587767796611476e-06
2263.078 -7.489417459417205e-06
2271.494 -6.909022821371662e-06
2279.911 -7.08005910106439e-06
2288.328 -8.548258800957077e-06
2296.744 -1.1474807175156276e-05
2305.161 -9.10898578242688e-06
2313.578 -6.05288740259057e-06
2321.994 -1.0469987671405301e-05
2330.411 -6.885717547124477e-06
2338.827 -1.1084825888942084e-05
2347.244 -1.4465622247711603e-05
2355.661 -1.0436028436459977e-05
2364.077 -6.484349766547541e-06
2372.494 -1.4276657054237477e-05
2380.911 -6.883071221828034e-06
2389.327 -6.425713637165059e-06
2397.744 -6.130489469923896e-06
2406.16 -4.538561208591343e-06
2414.577 -2.165511428439256e-06
2422.994 -2.9764537531530314e-06
2431.41 -2.180856504505283e-06
2439.827 -1.5126390844324506e-06
2448.244 -1.2674672893255596e-06
2456.66 -8.880078154605521e-07
2465.077 -4.588612575631827e-07
2473.494 -3.4300281814631186e-07
2481.91 -2.2030628412008644e-07
2490.327 -1.6880292036507346e-07
2498.743 -2.7698543786921336e-07
