1009.0 0.0
1017.417 0.0
1025.834 0.0
1034.25 0.0
1042.667 0.0
1051.084 0.0
1059.5 0.0
1067.917 -3.072209153743984e-16
1076.333 -8.356483298328782e-12
1084.75 -1.900437372982035e-09
1093.167 -4.389582159205244e-09
1101.583 -1.2921752122324856e-08
1110.0 -3.447745022044467e-08
1118.417 -4.6999322614500565e-08
1126.833 -1.665973845000241e-07
1135.25 -1.5062259946289992e-07
1143.666 -1.307649196376351e-07
1152.083 -4.123243880876081e-07
1160.5 -5.232512264625078e-07
1168.916 -3.392670669925663e-07
1177.333 -1.597409689982432e-07
1185.75 -8.190228912121246e-08
1194.166 -2.1608357082702238e-08
1202.583 -1.7468054655799022e-08
1210.999 -1.7336762740745615e-09
1219.416 -1.052763391477373e-08
1227.833 -5.968192119250483e-09
1236.249 -2.005593396065847e-09
1244.666 -4.3660320857604973e-10
1253.083 -6.828794172292699e-11
1261.499 -1.3140394448306286e-09
1269.916 -6.660612424471234e-10
1278.332 -1.288322664862194e-10
1286.749 -3.562640787530302e-10
1295.166 -1.4763120929514278e-09
1303.582 -7.967982586955666e-09
1311.999 -4.1546660528935434e-08
1320.416 -1.1041795743509827e-07
1328.832 -1.6365425808761484e-07
1337.249 -2.3426252758961219e-07
1345.665 -2.995700623843545e-07
1354.082 -1.6024925082907932e-07
1362.499 -2.2549400836716407e-10
1370.915 6.03785573709987e-11
1379.332 2.0154079430538984e-11
1387.749 -2.468220073282701e-13
1396.165 -2.3956542176467817e-10
1404.582 -3.845444085766983e-09
1412.999 -7.159795763540529e-08
1421.415 -1.0960233099862069e-07
1429.832 -1.4071545659088435e-07
1438.248 2.4418327355070834e-08
1446.665 1.2483382340326814e-07
1455.082 -9.075218338018121e-09
1463.498 4.852791238333425e-09
1471.915 -2.5885998192290012e-08
1480.332 1.3264439505756502e-08
1488.748 -6.256110283500885e-09
1497.165 -4.9664407161490896e-09
1505.581 -5.835002717549745e-08
1513.998 -1.5181754323538486e-08
1522.415 -2.022490797191656e-09
1530.831 -9.192905343909691e-09
1539.248 -5.084459058319999e-09
1547.665 -6.671466102808115e-09
1556.081 -5.7476375068553386e-09
1564.498 -4.186298878598244e-09
1572.914 -7.01303419055123e-09
1581.331 -2.936037639143323e-09
1589.748 -4.041856750900603e-09
1598.164 -9.600380205581028e-09
1606.581 -9.647037861115342e-09
1614.998 -4.408854186990561e-08
1623.414 -2.8420124069468117e-07
1631.831 -8.899101397647682e-07
1640.247 -1.2549218515488384e-06
1648.664 -1.140532176062471e-06
1657.081 -8.522133433761003e-07
1665.497 -2.24748279744852e-06
1673.914 -7.439329037499733e-07
1682.331 -6.988134764600629e-07
1690.747 -7.687525066855048e-07
1699.164 -9.468283362270601e-07
1707.58 -1.045438810680074e-06
1715.997 -5.15197471960671e-07
1724.414 -9.933225231459812e-07
1732.83 -8.225952661841373e-07
1741.247 -4.86909207916713e-07
1749.664 -2.521442971935679e-07
1758.08 -1.8512953854346829e-07
1766.497 -3.565829829646216e-07
1774.913 -6.003292086025668e-07
1783.33 -3.611176402721341e-07
1791.747 -6.605309306064352e-07
1800.163 -1.5292383227504846e-07
1808.58 -1.4782863937834765e-07
1816.997 -1.0244847363849635e-07
1825.413 -2.405281084524343e-09
1833.83 7.42342210807236e-10
1842.246 8.343851028252364e-10
1850.663 3.176703662495206e-10
1859.08 3.3956255467020176e-12
1867.496 3.2560597151055656e-10
1875.913 2.2046648233443107e-10
1884.33 3.787820851082178e-10
1892.746 1.0083958455843493e-09
1901.163 4.368550646119846e-10
1909.579 1.3675557785686568e-09
1917.996 7.723292207350613e-10
1926.413 -4.5026375470386957e-11
1934.829 -5.947449867226322e-09
1943.246 2.4993715303692556e-08
1951.663 7.1186399589389e-08
1960.079 -2.755859860591934e-08
1968.496 -4.5971758046210344e-08
1976.913 -1.039164339456784e-08
1985.329 -6.105691260444378e-10
1993.746 -8.158581885484315e-09
2002.162 -7.1603340380465584e-09
2010.579 -1.8813217157907532e-08
2018.996 -2.316029975373456e-08
2027.412 -1.2186506657025176e-08
2035.829 -7.309919667282407e-09
2044.246 -1.399015920119254e-07
2052.662 -1.864614874533715e-07
2061.079 -1.1893445151126269e-08
2069.495 -1.2098830151582981e-08
2077.912 -1.0252660576863613e-08
2086.329 8.529156597002006e-09
2094.745 -1.4602005512073627e-08
2103.162 -1.3301333576368818e-08
2111.579 -4.463732682247555e-08
2119.995 -7.48327679241735e-08
2128.412 -5.396669251629483e-08
2136.828 -1.4237579736962144e-07
2145.245 -2.914069508871429e-07
2153.662 -5.242149219412298e-07
2162.078 -8.344013886396183e-07
2170.495 -9.759662709201805e-07
2178.912 -8.159873374307439e-07
2187.328 -4.6452829302970036e-07
2195.745 -2.3159925107565483e-06
2204.161 -4.339339046547891e-06
2212.578 -1.1106590267174416e-06
2220.995 -2.2022897414698445e-06
2229.411 -3.4945076338528764e-06
2237.828 -4.783549695035157e-06
2246.245 -6.262682943055533e-06
2254.661 -7.003776783517832e-06
2263.078 -8.087895568360546e-06
2271.494 -7.6046936301508695e-06
2279.911 -7.628106094827471e-06
2288.328 -8.966851798029674e-06
2296.744 -1.1934639403210147e-05
2305.161 -9.288125836852845e-06
2313.578 -6.424886725087694e-06
2321.994 -1.0944715872864652e-05
2330.411 -7.020447348879989e-06
2338.827 -1.1301356135814753e-05
2347.244 -1.5192242661470551e-05
2355.661 -1.0725979058246959e-05
2364.077 -6.752842459484589e-06
2372.494 -1.5469830175203315e-05
2380.911 -7.431090440306492e-06
2389.327 -7.514770057131138e-06
2397.744 -6.6069744141828636e-06
2406.16 -4.821787344741282e-06
2414.577 -2.152239404200659e-06
2422.994 -2.7839080368720654e-06
2431.41 -2.146836212981332e-06
2439.827 -1.3523424592234828e-06
2448.244 -1.1228768114498939e-06
2456.66 -9.12805066815163e-07
2465.077 -4.612522270083323e-07
2473.494 -4.032567310302154e-07
2481.91 -2.202649117784394e-07
2490.327 -1.6212687971303455e-07
2498.743 -1.036327120349213e-07
