1202.583 -6.7488649542302824e-09
1210.999 -1.2674657659321616e-10
1219.416 -1.3611113799049644e-09
1227.833 -9.203658774411383e-10
1236.249 -9.02764594149298e-10
1244.666 -1.6715412766798171e-10
1253.083 6.963989637962495e-11
1261.499 1.0145748083889576e-10
1269.916 3.0419116359488404e-10
1278.332 4.1121311519858155e-10
1286.749 2.2602625458013944e-10
1295.166 2.974339624122579e-10
1303.582 -2.4451529818991737e-10
1311.999 -1.922597278857056e-08
1320.416 -3.388074162152677e-08
1328.832 -5.05427621087107e-08
1337.249 -6.942479350340479e-08
1345.665 -8.642225978917549e-08
1354.082 -4.4446695861418915e-08
1362.499 3.934709732622854e-11
1370.915 1.298500964592011e-10
1379.332 1.0318682163059401e-10
1387.749 6.31313574685018e-11
1396.165 1.4668921769750666e-10
1404.582 -6.037472047034018e-10
1412.999 -1.1769603148432177e-08
1421.415 -2.882376197390185e-08
1429.832 -2.9743721921596095e-08
1438.248 -7.679040128229469e-09
1446.665 -1.4303780833199539e-08
1455.082 -4.2421524501989814e-09
1463.498 7.389559474711327e-10
1471.915 -4.318855894958666e-09
1480.332 -1.0253332262830809e-08
1488.748 -6.514316202199004e-09
1497.165 8.869234521563618e-10
1505.581 2.4959150161556863e-09
1513.998 -7.445582781499862e-10
1522.415 9.493539114767605e-10
1530.831 1.0900270330322506e-09
1539.248 1.1133890195803731e-09
1547.665 1.0008306859313801e-09
1556.081 1.3305496312139712e-09
1564.498 1.5475802521243121e-09
1572.914 1.1398766645262165e-09
1581.331 1.1359240577637692e-09
1589.748 1.2535193721187852e-09
1598.164 4.1332268664727357e-10
1606.581 -3.602231589447238e-09
1614.998 -1.8177670622835456e-08
1623.414 -7.884094609476517e-08
1631.831 -2.373212697818668e-07
1640.247 -3.1126596270353447e-07
1648.664 -3.0954731093871876e-07
1657.081 -2.2156602294737746e-07
1665.497 -5.999109209824616e-07
1673.914 -2.0776726409887195e-07
1682.331 -1.7746079717510207e-07
1690.747 -2.1352004824601176e-07
1699.164 -2.729318101007908e-07
1707.58 -3.20108491649132e-07
1715.997 -1.3816809300607107e-07
1724.414 -2.6988412959127524e-07
1732.83 -2.235147913414611e-07
1741.247 -1.2407253520904785e-07
1749.664 -6.508918499191055e-08
1758.08 -4.439846226694116e-08
1766.497 -9.557346579077835e-08
1774.913 -1.6091521533811223e-07
1783.33 -9.28202276813449e-08
1791.747 -1.7681869302535576e-07
1800.163 -4.522165481658129e-08
1808.58 -3.7786344890145815e-08
1816.997 -2.8724953392939463e-08
1825.413 2.4862765828492844e-10
1833.83 4.1898372293205957e-10
1842.246 3.9066203459552325e-10
1850.663 4.923811250769086e-10
1859.08 5.263719780638076e-10
1867.496 3.1877253764414967e-10
1875.913 4.437053556161067e-10
1884.33 6.947559445243564e-10
1892.746 8.161078369784257e-10
1901.163 4.894139266894164e-10
1909.579 5.869504382142523e-10
1917.996 8.493847841820362e-10
1926.413 1.0843161762702076e-09
1934.829 2.898697262243046e-09
1943.246 3.199173381962214e-09
1951.663 1.238602014050475e-09
1960.079 3.6281724889523063e-09
1968.496 -1.4816490872819472e-09
1976.913 4.782393460888846e-09
1985.329 6.844733050154683e-09
1993.746 6.4797581380432744e-09
2002.162 6.290675370872881e-09
2010.579 3.1564343028091936e-09
2018.996 1.8551082400389052e-09
2027.412 6.204308633473545e-09
2035.829 6.751468520774827e-09
2044.246 1.3830650373424925e-09
2052.662 -7.856537295216288e-10
2061.079 6.9890781306170025e-09
2069.495 7.490631715455215e-09
2077.912 7.15152687820047e-09
2086.329 7.594864470627848e-09
2094.745 7.308271304192303e-09
2103.162 8.358917341511064e-09
2111.579 1.594290990290802e-08
2119.995 9.2106598798503e-09
2128.412 -2.986463832244699e-09
2136.828 -3.07927026747662e-08
2145.245 -7.964453167460714e-08
2153.662 -1.5754235944383494e-07
2162.078 -2.473270316009337e-07
2170.495 -2.6680892250402245e-07
2178.912 -2.191690917710116e-07
2187.328 -1.1439165394661252e-07
2195.745 -6.44165030582231e-07
2204.161 -1.240297923214201e-06
2212.578 -3.4492337286335283e-07
2220.995 -6.435479468828473e-07
2229.411 -9.954233023366366e-07
2237.828 -1.326067389879801e-06
2246.245 -1.7030463330153242e-06
2254.661 -1.901037773332133e-06
2263.078 -2.1115090384549825e-06
2271.494 -1.9412871881723298e-06
2279.911 -1.978099744022373e-06
2288.328 -2.393609159321038e-06
2296.744 -3.2418936639062624e-06
2305.161 -2.528162659250379e-06
2313.578 -1.643204853665446e-06
2321.994 -2.920726438066966e-06
2330.411 -1.951372379876317e-06
2338.827 -3.1158168099964074e-06
2347.244 -4.029250765112614e-06
2355.661 -2.85344674870973e-06
2364.077 -1.7710291657373965e-06
2372.494 -3.937352036045976e-06
2380.911 -1.9307962393114665e-06
2389.327 -1.8436204464456658e-06
2397.744 -1.729645142126285e-06
2406.16 -1.2920948431122216e-06
2414.577 -6.130602253600357e-07
2422.994 -8.341705299121195e-07
2431.41 -6.37353155128962e-07
2439.827 -4.296832792469186e-07
2448.244 -3.541880622456149e-07
2456.66 -2.545166911277964e-07
2465.077 -1.296804796360068e-07
2473.494 -9.635260277115183e-08
2481.91 -5.02372717069098e-08
2490.327 -4.205945153932458e-08
2498.743 -4.770185917581107e-08
