1202.583 -6.304567267649628e-09
1210.999 -1.7490176539201277e-10
1219.416 -1.3703516160523435e-09
1227.833 -1.039662008444251e-09
1236.249 -8.43703459445516e-10
1244.666 -1.4025958417613949e-10
1253.083 5.975591460673992e-11
1261.499 8.547719477414905e-12
1269.916 2.7279381121357144e-11
1278.332 2.4004890523670486e-10
1286.749 2.79498996044596e-10
1295.166 2.6158774260822433e-10
1303.582 -1.513942036931619e-09
1311.999 -2.2142453296068766e-08
1320.416 -3.48133477660949e-08
1328.832 -5.1529782397211993e-08
1337.249 -7.088745482935093e-08
1345.665 -8.673248616927983e-08
1354.082 -4.4521453095332924e-08
1362.499 3.3236811632616293e-10
1370.915 1.3470066410983026e-10
1379.332 1.0445829597309607e-10
1387.749 2.353067147083651e-10
1396.165 3.5281380646438693e-10
1404.582 -6.414237899550067e-10
1412.999 -1.211426185036468e-08
1421.415 -2.955146017217354e-08
1429.832 -3.36162213253989e-08
1438.248 -1.181288053589227e-08
1446.665 -8.099792398281628e-09
1455.082 -3.675005865780239e-09
1463.498 -1.0421925647424423e-09
1471.915 -5.814700339556996e-09
1480.332 -9.747771305176925e-09
1488.748 -6.887061286901942e-09
1497.165 1.165752109522219e-09
1505.581 2.6944592937008927e-09
1513.998 -5.126244445653427e-10
1522.415 4.1334809666915976e-10
1530.831 8.919632829359602e-10
1539.248 8.945617386793057e-10
1547.665 1.299248408332825e-09
1556.081 1.1595218447918218e-09
1564.498 1.1643793153112267e-09
1572.914 1.2631501264288471e-09
1581.331 1.3898729756214056e-09
1589.748 1.1421811920217434e-09
1598.164 -5.714214207274622e-11
1606.581 -4.366283062445954e-09
1614.998 -1.357616544498107e-08
1623.414 -7.993710434625569e-08
1631.831 -2.4108998421684503e-07
1640.247 -3.092096417618715e-07
1648.664 -3.0579333880721327e-07
1657.081 -2.1882810134266453e-07
1665.497 -5.97766338581396e-07
1673.914 -2.0757783001345684e-07
1682.331 -1.7772306635904658e-07
1690.747 -2.1725663467500523e-07
1699.164 -2.783983677438593e-07
1707.58 -3.3043558478119107e-07
1715.997 -1.4276334656499136e-07
1724.414 -2.811880594401683e-07
1732.83 -2.2811834668298282e-07
1741.247 -1.2554271544618315e-07
1749.664 -6.646129429459837e-08
1758.08 -4.6012257057007343e-08
1766.497 -9.80044329970367e-08
1774.913 -1.6435300943564998e-07
1783.33 -9.61619801613192e-08
1791.747 -1.7979360590959607e-07
1800.163 -4.5683623050660064e-08
1808.58 -3.8529769723808974e-08
1816.997 -2.9660824743548173e-08
1825.413 3.5749259906038473e-10
1833.83 3.3669868465423087e-10
1842.246 4.088473524700459e-10
1850.663 4.351569687423922e-10
1859.08 5.770735917182829e-10
1867.496 5.576488598861171e-10
1875.913 5.283199173814467e-10
1884.33 8.726278503682469e-10
1892.746 6.855581871583302e-10
1901.163 5.793275106187196e-10
1909.579 9.873411227043068e-10
1917.996 7.533339812783248e-10
1926.413 1.0919026900556582e-09
1934.829 2.9640274744776542e-09
1943.246 6.189741185884564e-09
1951.663 8.801933891476733e-09
1960.079 3.5652035805778563e-09
1968.496 -1.4564622591899413e-09
1976.913 5.4259556453135495e-09
1985.329 6.758915376795816e-09
1993.746 6.305570296152682e-09
2002.162 5.540343619235672e-09
2010.579 3.5790365640423296e-09
2018.996 1.948103601783612e-09
2027.412 6.281797857420905e-09
2035.829 6.895188323956166e-09
2044.246 2.173741165868174e-09
2052.662 2.194798747449145e-10
2061.079 7.135183962801317e-09
2069.495 7.5389796141394e-09
2077.912 7.240338921588098e-09
2086.329 7.740851939426724e-09
2094.745 7.346798319168868e-09
2103.162 8.56126808444565e-09
2111.579 1.706877588207571e-08
2119.995 8.944946086093927e-09
2128.412 -2.9318699661407307e-09
2136.828 -3.219139476947775e-08
2145.245 -8.161946622656569e-08
2153.662 -1.5978080772256702e-07
2162.078 -2.481346868775021e-07
2170.495 -2.6524169746945914e-07
2178.912 -2.1928439653895023e-07
2187.328 -1.1399330034078506e-07
2195.745 -6.49887442301454e-07
2204.161 -1.2640228356137495e-06
2212.578 -3.5202601579886674e-07
2220.995 -6.521690502790094e-07
2229.411 -9.982551797263523e-07
2237.828 -1.3370095633673503e-06
2246.245 -1.7120284708860922e-06
2254.661 -1.916158638732538e-06
2263.078 -2.1070040598291562e-06
2271.494 -1.935559480065401e-06
2279.911 -1.968595394774503e-06
2288.328 -2.395743500354298e-06
2296.744 -3.266753701356873e-06
2305.161 -2.5320698745251342e-06
2313.578 -1.6144253256282367e-06
2321.994 -2.9115726589263063e-06
2330.411 -1.9633136381601126e-06
2338.827 -3.1363164218453623e-06
2347.244 -4.020776600667515e-06
2355.661 -2.8397322443966276e-06
2364.077 -1.7587600780449328e-06
2372.494 -3.90092780115213e-06
2380.911 -1.9222229131589428e-06
2389.327 -1.8283764582876476e-06
2397.744 -1.737391621970564e-06
2406.16 -1.3003735924172664e-06
2414.577 -6.222147930563121e-07
2422.994 -8.528908757898956e-07
2431.41 -6.432600753533328e-07
2439.827 -4.3173060038068273e-07
2448.244 -3.604575065433801e-07
2456.66 -2.565398029526307e-07
2465.077 -1.32076409635073e-07
2473.494 -9.94703538604383e-08
2481.91 -5.995175504281874e-08
2490.327 -4.3985664829258106e-08
2498.743 -5.335895978770596e-08
