1009.0 -2.9070661311526618e-36
1017.417 -6.999460299969016e-27
1025.834 -7.773009882397826e-20
1034.25 -3.977481306629115e-15
1042.667 -9.40243630714117e-13
1051.084 -1.0251506931322267e-12
1059.5 -9.362252264612347e-15
1067.917 -1.0003205666317456e-12
1076.333 -9.769595543811652e-12
1084.75 -1.4875479961822818e-09
1093.167 -4.656148483649412e-09
1101.583 -3.0171934143315583e-09
1110.0 -1.8009743784686152e-08
1118.417 -5.1479234270655094e-08
1126.833 -1.0068511811087339e-07
1135.25 -1.1179430694296283e-07
1143.666 -1.0339261762719353e-07
1152.083 -2.4300951770120177e-07
1160.5 -3.53417552783179e-07
1168.916 -2.837027700102989e-07
1177.333 -1.611439002736018e-07
1185.75 -1.0831117126200208e-07
1194.166 -6.331953116961736e-08
1202.583 -2.8738667562218188e-08
1210.999 -6.753435982990594e-09
1219.416 -3.7176865807280532e-09
1227.833 -4.4683817494380755e-09
1236.249 -1.9802811302222646e-09
1244.666 -7.703798441922362e-10
1253.083 -1.6897314860827806e-10
1261.499 -2.4092471449693816e-10
1269.916 -3.7769913663500817e-10
1278.332 -4.3299672293882974e-10
1286.749 -7.870789002517044e-10
1295.166 -7.69870253108881e-10
1303.582 -1.064989115212979e-08
1311.999 -6.534987237742606e-08
1320.416 -1.148525114452649e-07
1328.832 -2.431535562662017e-07
1337.249 -2.1666045627291668e-07
1345.665 -1.5153225424315696e-07
1354.082 -1.044111060156348e-08
1362.499 7.581866478876948e-11
1370.915 1.859520857597225e-10
1379.332 2.320274157137919e-10
1387.749 3.3190110477301474e-10
1396.165 7.724156536636211e-11
1404.582 -6.490667528742324e-10
1412.999 -1.4705020950925133e-08
1421.415 -3.759005230617931e-08
1429.832 -4.969959180051129e-08
1438.248 -3.052072209596177e-08
1446.665 -2.7742985036195684e-08
1455.082 -2.3065083335219226e-08
1463.498 -1.6861145653755104e-08
1471.915 -2.414000945624594e-08
1480.332 -1.7674794709079638e-08
1488.748 -6.178837325218862e-09
1497.165 -6.701713633772267e-09
1505.581 -4.749394211157148e-09
1513.998 -3.967950677514432e-09
1522.415 -5.032555196568746e-09
1530.831 3.984228102141521e-09
1539.248 -2.659541750914622e-09
1547.665 -2.9299459141413194e-09
1556.081 -3.060773056984717e-09
1564.498 -3.4679369690797213e-09
1572.914 -2.685742705258869e-09
1581.331 -3.376854012995657e-09
1589.748 -3.4966781185058354e-09
1598.164 -6.856560536306555e-09
1606.581 -2.141567791482059e-08
1614.998 -6.245719283654744e-08
1623.414 -2.815974958815488e-07
1631.831 -8.680797479459772e-07
1640.247 -1.2400328749486329e-06
1648.664 -1.2420167195062378e-06
1657.081 -8.381576647253077e-07
1665.497 -2.5691503156936113e-06
1673.914 -7.57759093602992e-07
1682.331 -6.779198701569949e-07
1690.747 -7.982755996835412e-07
1699.164 -9.85754539939332e-07
1707.58 -1.2209370331916e-06
1715.997 -5.015179997748011e-07
1724.414 -9.626963289987547e-07
1732.83 -7.663067832711322e-07
1741.247 -4.0797765630558005e-07
1749.664 -2.2784456461175977e-07
1758.08 -1.6841568783418493e-07
1766.497 -3.5488037553999165e-07
1774.913 -4.874220807597693e-07
1783.33 -3.09800693909673e-07
1791.747 -6.014251675900705e-07
1800.163 -1.407655407060699e-07
1808.58 -8.661265588221669e-08
1816.997 -2.4576376898702667e-08
1825.413 2.0176729964815702e-11
1833.83 4.48605894303793e-10
1842.246 2.415801283357846e-10
1850.663 5.111293203162018e-10
1859.08 5.463836728246141e-10
1867.496 5.301192738801924e-10
1875.913 6.364725657052654e-10
1884.33 6.572755560748888e-10
1892.746 7.01288928145736e-10
1901.163 4.4795835167218093e-10
1909.579 6.993367201892475e-10
1917.996 8.772484693571813e-10
1926.413 7.363120456700995e-10
1934.829 2.0500324669111146e-10
1943.246 -1.5355400004923845e-09
1951.663 -1.4423317765947012e-08
1960.079 -1.4299202867052584e-08
1968.496 -1.1261981759782885e-08
1976.913 -1.1871680870757621e-08
1985.329 -8.803814013841232e-09
1993.746 -8.347701554910885e-09
2002.162 -9.995775182938776e-09
2010.579 -4.790384287637046e-09
2018.996 1.327933504191737e-09
2027.412 -8.305128206413929e-09
2035.829 -9.447581081918538e-09
2044.246 -1.3355283401660241e-08
2052.662 -1.374979435067913e-08
2061.079 -9.626853580233542e-09
2069.495 -8.681731874578976e-09
2077.912 -1.0403727247222336e-08
2086.329 -9.698373815234948e-09
2094.745 -1.0001284533855155e-08
2103.162 -1.0903986490048862e-08
2111.579 -1.2484381632592414e-08
2119.995 -3.0448376485065385e-08
2128.412 -5.215800618524943e-08
2136.828 -1.3196618343183818e-07
2145.245 -2.825569623994831e-07
2153.662 -5.089391126395642e-07
2162.078 -8.133174921268957e-07
2170.495 -9.042568316927884e-07
2178.912 -7.161038797620518e-07
2187.328 -3.7479581592468936e-07
2195.745 -2.560818130591497e-06
2204.161 -4.642441680954893e-06
2212.578 -1.2194493987739772e-06
2220.995 -2.162692955254809e-06
2229.411 -3.366078510541683e-06
2237.828 -4.6070657486826435e-06
2246.245 -6.2034310156741215e-06
2254.661 -6.700217452122276e-06
2263.078 -7.758548818750099e-06
2271.494 -7.210662421609498e-06
2279.911 -7.5512132923134184e-06
2288.328 -8.989037810292677e-06
2296.744 -1.1615383990812915e-05
2305.161 -9.011099484446923e-06
2313.578 -8.951885673642554e-06
2321.994 -1.1579050641760976e-05
2330.411 -6.944279429993648e-06
2338.827 -1.1642818418790346e-05
2347.244 -1.387321367787593e-05
2355.661 -1.063454832125568e-05
2364.077 -8.453351775344672e-06
2372.494 -1.9447966047788743e-05
2380.911 -7.2880783040384585e-06
2389.327 -6.4694764668952685e-06
2397.744 -5.7700894664226726e-06
2406.16 -4.158251251962482e-06
2414.577 -2.016835830390761e-06
2422.994 -2.562966705234479e-06
2431.41 -1.8893468779224184e-06
2439.827 -1.3179150467399367e-06
2448.244 -8.696292828779839e-07
2456.66 -7.082149464649431e-07
2465.077 -4.726404128184534e-07
2473.494 -2.5040731222698696e-07
2481.91 -1.629625867953798e-07
2490.327 -9.166788469227107e-08
2498.743 -1.1120578844058623e-07
