1202.583 -6.86291691258434e-09
1210.999 -4.741562904865172e-09
1219.416 -3.031518379334726e-09
1227.833 -1.017482798214244e-09
1236.249 -6.164629683109298e-10
1244.666 -2.1460912582216219e-10
1253.083 1.7827638355673357e-10
1261.499 1.4109896283945834e-10
1269.916 1.7112279166054313e-10
1278.332 2.1449630847903975e-10
1286.749 6.189703181111053e-10
1295.166 3.348253799727034e-10
1303.582 9.684987429401031e-10
1311.999 -1.2505342342176672e-08
1320.416 -3.827931464586511e-08
1328.832 -5.377482597992082e-08
1337.249 -7.466009366016639e-08
1345.665 -9.621190176962347e-08
1354.082 -4.987689242527453e-08
1362.499 -2.5284284481440943e-11
1370.915 2.0405170964080956e-10
1379.332 4.0330624482742613e-10
1387.749 4.2606790693356703e-10
1396.165 3.2456600062408235e-10
1404.582 -7.199751265965206e-10
1412.999 -2.1361343706224598e-08
1421.415 -3.516798536631171e-08
1429.832 -4.5559734282987944e-08
1438.248 1.8332804824222297e-08
1446.665 7.927009584239356e-09
1455.082 -4.4698683778837546e-09
1463.498 1.157044936155263e-09
1471.915 -5.65337200120208e-09
1480.332 6.5222730643127605e-09
1488.748 -4.29375438812638e-09
1497.165 1.8511474257710996e-10
1505.581 -1.1845481912921105e-08
1513.998 -1.7829190914962043e-09
1522.415 1.5940921978417287e-09
1530.831 8.736993530848829e-10
1539.248 9.6259066181209e-10
1547.665 8.505326145151583e-10
1556.081 5.869733664937086e-10
1564.498 1.2143752262524855e-09
1572.914 1.1826097320466193e-09
1581.331 5.212241823674568e-10
1589.748 1.6168583558673418e-09
1598.164 4.51553279027e-10
1606.581 -5.792398283606046e-10
1614.998 -8.07428220178818e-09
1623.414 -8.605002073909054e-08
1631.831 -2.751848331252801e-07
1640.247 -3.856179152124476e-07
1648.664 -3.8778001711845375e-07
1657.081 -2.679431146813999e-07
1665.497 -6.936623545395467e-07
1673.914 -2.3115537380839465e-07
1682.331 -2.135622426096724e-07
1690.747 -2.3974870454036644e-07
1699.164 -3.03787163444331e-07
1707.58 -3.4440836493275135e-07
1715.997 -1.5777885747279244e-07
1724.414 -3.078016489110399e-07
1732.83 -2.5247686360067336e-07
1741.247 -1.446484938335496e-07
1749.664 -7.255876087420559e-08
1758.08 -5.023131958597764e-08
1766.497 -1.0136754508484749e-07
1774.913 -1.7454562431991052e-07
1783.33 -1.0367552043948475e-07
1791.747 -1.979979865481114e-07
1800.163 -4.7326267787775567e-08
1808.58 -4.036258016918436e-08
1816.997 -2.95166355819857e-08
1825.413 2.389735568475734e-10
1833.83 6.462554932940024e-10
1842.246 4.038465969612827e-10
1850.663 3.3452135356244166e-10
1859.08 5.047084023950206e-10
1867.496 6.548423048892522e-10
1875.913 2.629830216349596e-10
1884.33 5.374027944702553e-10
1892.746 5.455164070582307e-10
1901.163 5.123180894024941e-10
1909.579 3.3899971519707913e-10
1917.996 8.258092750363997e-10
1926.413 1.0606830729950443e-09
1934.829 3.1217548418596728e-09
1943.246 6.666010661952814e-09
1951.663 6.962233230622921e-09
1960.079 3.777033801163101e-09
1968.496 -1.7585744283754348e-09
1976.913 8.34487823158262e-09
1985.329 9.178046112926481e-09
1993.746 7.214866679499583e-09
2002.162 4.727052272379416e-09
2010.579 3.3093620665686614e-09
2018.996 2.255083339392232e-09
2027.412 6.3755047638523136e-09
2035.829 7.70184241812183e-09
2044.246 1.1795418697091357e-09
2052.662 4.516781121301559e-10
2061.079 6.798268239803938e-09
2069.495 7.595986310236495e-09
2077.912 8.488764178087157e-09
2086.329 1.3052210336339554e-08
2094.745 7.565373338644513e-09
2103.162 8.681742024381744e-09
2111.579 3.683714333411988e-10
2119.995 -9.101802891949725e-09
2128.412 -5.4637538243929436e-09
2136.828 -3.171950327529426e-08
2145.245 -8.606501852138747e-08
2153.662 -1.6623403257079148e-07
2162.078 -2.602614858897197e-07
2170.495 -3.067818654106953e-07
2178.912 -2.6201663035847834e-07
2187.328 -1.4498473238445725e-07
2195.745 -7.226504972161503e-07
2204.161 -1.36777607454616e-06
2212.578 -3.5463016676953077e-07
2220.995 -6.95481902028929e-07
2229.411 -1.0944858417703145e-06
2237.828 -1.4974869103321572e-06
2246.245 -1.949953926157691e-06
2254.661 -2.179514461456915e-06
2263.078 -2.515857765963312e-06
2271.494 -2.34784835761338e-06
2279.911 -2.372571182772125e-06
2288.328 -2.7732473938801043e-06
2296.744 -3.7142187574902272e-06
2305.161 -2.9124332090030484e-06
2313.578 -2.0025493421342165e-06
2321.994 -3.4114392701214484e-06
2330.411 -2.1982958348474845e-06
2338.827 -3.535887092319165e-06
2347.244 -4.723898314888259e-06
2355.661 -3.366000348196356e-06
2364.077 -2.115043642609032e-06
2372.494 -4.802899538577116e-06
2380.911 -2.309445088276358e-06
2389.327 -2.3281762873381805e-06
2397.744 -2.05307077605762e-06
2406.16 -1.5090754108883593e-06
2414.577 -6.703163369193244e-07
2422.994 -8.695943333573557e-07
2431.41 -6.829230092035467e-07
2439.827 -4.499817330214547e-07
2448.244 -3.578497893141488e-07
2456.66 -2.7798530466824163e-07
2465.077 -1.47489958791175e-07
2473.494 -1.2206451073030881e-07
2481.91 -6.712996640287997e-08
2490.327 -4.7617867162819986e-08
2498.743 -3.478408793520257e-08
