1009.0 -7.656859164242398e-110
1017.417 -1.4980943719679806e-89
1025.834 -1.3973974775440765e-71
1034.25 -6.308752158904912e-56
1042.667 -1.4236261341159699e-42
1051.084 -1.6392738773372546e-31
1059.5 -9.895313619656655e-23
1067.917 -3.3367047290608303e-16
1076.333 -7.431886211019473e-12
1084.75 -1.5674353756845278e-09
1093.167 -4.177119276520291e-09
1101.583 9.498797746195637e-10
1110.0 -2.602003142002359e-08
1118.417 -5.189430076463384e-08
1126.833 -9.571807967501626e-08
1135.25 -1.012093721479337e-07
1143.666 -1.1992001324092846e-07
1152.083 -2.871925179782188e-07
1160.5 -3.838119520158887e-07
1168.916 -3.573651823589706e-07
1177.333 -1.840690230707869e-07
1185.75 -1.2888747063998312e-07
1194.166 -6.678114490872706e-08
1202.583 -1.8392363241988165e-08
1210.999 -8.142311348778326e-09
1219.416 -9.267490187455077e-09
1227.833 -2.6254648929539615e-09
1236.249 -3.3407989170628033e-09
1244.666 -3.4841500256503867e-10
1253.083 -2.469259154829965e-11
1261.499 -4.921214032470505e-10
1269.916 -6.113525933248178e-10
1278.332 -8.84610773450473e-10
1286.749 -5.683413532010931e-10
1295.166 -1.217762256671631e-09
1303.582 -1.8869875629209536e-09
1311.999 -7.251750350008997e-08
1320.416 -1.2306422097675276e-07
1328.832 -2.518106880937879e-07
1337.249 -2.3449824811549007e-07
1345.665 -1.6412697566525527e-07
1354.082 -1.1411815972523178e-08
1362.499 -2.5404379886499956e-12
1370.915 9.910057779491645e-11
1379.332 1.9290324657791034e-11
1387.749 6.596480612521403e-12
1396.165 2.1791006447821372e-11
1404.582 -7.481991213442611e-10
1412.999 -1.5919712625595156e-08
1421.415 -4.0859509398802126e-08
1429.832 -5.6524077579256833e-08
1438.248 -5.141159793984654e-08
1446.665 -1.742518632755987e-08
1455.082 -2.173104078987769e-08
1463.498 -1.2303185267111238e-08
1471.915 -3.7500644849874596e-08
1480.332 3.5032290611755486e-09
1488.748 -2.8059045627955966e-08
1497.165 -6.1353357263254195e-09
1505.581 -3.755175469756489e-09
1513.998 -1.1031052499442118e-08
1522.415 -4.742936903644095e-09
1530.831 -5.895199630652232e-09
1539.248 -4.780046462644533e-09
1547.665 -4.652996065055431e-09
1556.081 -3.788751692552756e-09
1564.498 -3.0018852278736995e-09
1572.914 -4.137842888987278e-09
1581.331 -3.144658383813877e-09
1589.748 -4.723464654882749e-09
1598.164 -7.899954779634701e-09
1606.581 -2.0854934985343557e-08
1614.998 -6.264731839799894e-08
1623.414 -2.8690409916601634e-07
1631.831 -9.061688738077468e-07
1640.247 -1.330462528388602e-06
1648.664 -1.2820601638749274e-06
1657.081 -9.15741258208898e-07
1665.497 -2.7494109110847196e-06
1673.914 -8.305287114797334e-07
1682.331 -7.696889138511937e-07
1690.747 -8.707109445465038e-07
1699.164 -1.0223330497112805e-06
1707.58 -1.1227498775617908e-06
1715.997 -5.056677159033119e-07
1724.414 -9.634434201368489e-07
1732.83 -7.753559076408912e-07
1741.247 -4.3493796834235636e-07
1749.664 -2.2697032049241146e-07
1758.08 -1.5197209536994607e-07
1766.497 -3.4760238173506273e-07
1774.913 -4.990249047700751e-07
1783.33 -3.261472252208827e-07
1791.747 -5.969488807670193e-07
1800.163 -1.4928171653363833e-07
1808.58 -9.062492491490495e-08
1816.997 -2.675833759320245e-08
1825.413 -4.570398496544047e-10
1833.83 6.032070816757667e-10
1842.246 5.506884949188591e-10
1850.663 4.975409760442873e-10
1859.08 1.8824169855697152e-10
1867.496 5.820467976937307e-10
1875.913 2.834672287472447e-10
1884.33 2.41214497951862e-10
1892.746 4.0119094565240563e-10
1901.163 4.4579779912057934e-10
1909.579 6.970107471302283e-10
1917.996 7.505147944977183e-10
1926.413 5.211351342854475e-10
1934.829 -6.341456882508678e-10
1943.246 -9.114416806419957e-09
1951.663 -4.924102037238893e-08
1960.079 -1.4347040416071147e-08
1968.496 -2.0121550742288187e-08
1976.913 -1.0424895710319975e-08
1985.329 -6.358779586000259e-09
1993.746 -8.81881876498363e-09
2002.162 -8.94484883888948e-09
2010.579 -1.7139410846837485e-08
2018.996 -3.3276548903777096e-08
2027.412 -1.2928235077581895e-08
2035.829 -7.658989463304247e-09
2044.246 -6.898414950219754e-08
2052.662 -6.144614786036322e-08
2061.079 -1.0998484340134402e-08
2069.495 -9.66989481267836e-09
2077.912 -1.1127090842193299e-08
2086.329 -3.1411452134738385e-09
2094.745 -8.213702107922772e-09
2103.162 -7.882214694958253e-09
2111.579 -2.4810054836154883e-08
2119.995 -1.790698295150996e-08
2128.412 -4.261167177917702e-08
2136.828 -1.43946943462723e-07
2145.245 -2.9383250050993103e-07
2153.662 -5.270368624226961e-07
2162.078 -8.189106222356743e-07
2170.495 -9.664226896337907e-07
2178.912 -8.269834248375905e-07
2187.328 -4.1630923346707633e-07
2195.745 -2.6815331304245263e-06
2204.161 -4.629832567784014e-06
2212.578 -1.190788583611621e-06
2220.995 -2.293974992127561e-06
2229.411 -3.6271528098631922e-06
2237.828 -4.859279246940372e-06
2246.245 -6.5190516097310005e-06
2254.661 -7.115577863439021e-06
2263.078 -8.390372485034103e-06
2271.494 -7.975893937912236e-06
2279.911 -8.24990630463219e-06
2288.328 -9.577880003129377e-06
2296.744 -1.2391564277520635e-05
2305.161 -9.828325409398009e-06
2313.578 -9.684527527237932e-06
2321.994 -1.2443679970896047e-05
2330.411 -7.251024907608718e-06
2338.827 -1.2144714057033743e-05
2347.244 -1.4986779806530432e-05
2355.661 -1.1690951730134174e-05
2364.077 -8.933943421922587e-06
2372.494 -2.0483897844044097e-05
2380.911 -7.761025832549411e-06
2389.327 -7.078288211121071e-06
2397.744 -6.525869035080141e-06
2406.16 -4.647976323233248e-06
2414.577 -2.0159285762769433e-06
2422.994 -2.627574244946208e-06
2431.41 -1.959106494386134e-06
2439.827 -1.4378479980296206e-06
2448.244 -9.078458530790038e-07
2456.66 -7.68448828114984e-07
2465.077 -4.944153201738832e-07
2473.494 -2.58794436116095e-07
2481.91 -1.61937576482945e-07
2490.327 -9.790146451290622e-08
2498.743 -8.646220883842457e-08
