1009.0 0.0
1017.417 0.0
1025.834 0.0
1034.25 0.0
1042.667 0.0
1051.084 0.0
1059.5 0.0
1067.917 -1.9986638606788704e-16
1076.333 -4.71654415848657e-12
1084.75 -8.724614831785604e-10
1093.167 1.1275369699037384e-08
1101.583 5.141024677477526e-09
1110.0 3.1481127883690484e-10
1118.417 -4.484112099507886e-08
1126.833 -1.7059012891719862e-07
1135.25 -1.5918616336602116e-07
1143.666 -1.180492027942926e-07
1152.083 -3.4511439987724716e-07
1160.5 -4.190694110009172e-07
1168.916 -3.2611347121560005e-07
1177.333 -2.0987925995308913e-07
1185.75 -1.4465851267594436e-07
1194.166 -4.5621338313632204e-08
1202.583 -1.2987058614326834e-08
1210.999 -4.360530723266332e-09
1219.416 -3.886919308763309e-09
1227.833 -5.3001039685089516e-09
1236.249 -3.219852041474898e-09
1244.666 -5.522228607685742e-10
1253.083 -4.810527179265419e-10
1261.499 -2.864350014120416e-11
1269.916 -1.620972409612385e-10
1278.332 -7.570552087678908e-10
1286.749 -8.421403918774662e-10
1295.166 -1.2499727281732352e-09
1303.582 -1.3219443731929962e-08
1311.999 -8.927852121467737e-08
1320.416 -1.1649634693102226e-07
1328.832 -1.79500058528346e-07
1337.249 -2.498914233168819e-07
1345.665 -2.903907936013901e-07
1354.082 -1.5170450301530521e-07
1362.499 -1.9317889300445155e-10
1370.915 3.5696967111163984e-10
1379.332 2.3507380576090405e-10
1387.749 4.721992598097286e-10
1396.165 1.4257046727842225e-11
1404.582 -2.6474650747316004e-09
1412.999 -4.931594764488006e-08
1421.415 -1.0906246079469689e-07
1429.832 -1.206168763986359e-07
1438.248 -8.918169202291201e-08
1446.665 2.121324158242779e-08
1455.082 -2.1841069535475418e-08
1463.498 -2.9309406914638275e-08
1471.915 -2.413620858373442e-08
1480.332 -4.390198907962822e-08
1488.748 -1.8638222903949722e-08
1497.165 -2.859800542070093e-09
1505.581 6.425283358305068e-10
1513.998 -6.713789377233912e-09
1522.415 -6.413027671827564e-09
1530.831 -3.867600992605586e-09
1539.248 -4.472671124981444e-09
1547.665 -4.14293966251248e-09
1556.081 -3.5988725962118768e-09
1564.498 -3.601654721594975e-09
1572.914 -4.869225211050587e-09
1581.331 -4.5570766434054294e-09
1589.748 -4.139391617871824e-09
1598.164 -6.231465229695358e-09
1606.581 -2.6369667477647448e-08
1614.998 -6.598569541570895e-08
1623.414 -2.839383725771141e-07
1631.831 -8.490267987954042e-07
1640.247 -1.1350610460748964e-06
1648.664 -1.1558043196845855e-06
1657.081 -7.835729114284038e-07
1665.497 -2.1840494187990177e-06
1673.914 -7.40039547070539e-07
1682.331 -6.309188718172223e-07
1690.747 -7.383766252651151e-07
1699.164 -9.473313509243713e-07
1707.58 -1.1348452467448847e-06
1715.997 -4.953573491002579e-07
1724.414 -9.727399321870848e-07
1732.83 -7.975744712197816e-07
1741.247 -4.315984787210648e-07
1749.664 -2.451724972846367e-07
1758.08 -1.6801850522557345e-07
1766.497 -3.447482616358784e-07
1774.913 -5.252533041397507e-07
1783.33 -3.254237190652468e-07
1791.747 -6.307880213984596e-07
1800.163 -1.802027091540179e-07
1808.58 -1.4864379089101018e-07
1816.997 -1.0807592981854822e-07
1825.413 -1.3345077956461523e-09
1833.83 3.991578393938663e-10
1842.246 8.044573595545048e-10
1850.663 4.073229877550679e-10
1859.08 4.848960613086344e-10
1867.496 5.88340654019976e-10
1875.913 3.3684533332267285e-11
1884.33 4.924483370758415e-10
1892.746 7.17779982623074e-10
1901.163 5.30201564967733e-10
1909.579 5.045263375316804e-10
1917.996 1.1316220132873443e-09
1926.413 2.5194754600561734e-10
1934.829 -5.726016527745607e-09
1943.246 -2.2057638117292777e-08
1951.663 -3.84396538191021e-08
1960.079 -2.1294035814411965e-08
1968.496 -3.658782418081736e-08
1976.913 -2.441383887170627e-08
1985.329 -1.4824946499785476e-08
1993.746 -1.3846543201760588e-08
2002.162 -1.5892655826273753e-08
2010.579 -1.8832270081823028e-08
2018.996 -2.305372809076205e-08
2027.412 -1.1057452141524367e-08
2035.829 -7.4450206888632114e-09
2044.246 -1.0886541741061009e-08
2052.662 -1.016342368243277e-08
2061.079 -8.840549863692705e-09
2069.495 -8.44011621752825e-09
2077.912 -1.0988349484678075e-08
2086.329 -8.339371083147264e-09
2094.745 -5.992007640623458e-09
2103.162 -6.568623764050601e-09
2111.579 3.451033439768719e-08
2119.995 3.258310258265959e-09
2128.412 -5.1842682907761445e-08
2136.828 -1.4248864864922028e-07
2145.245 -2.8972763822309143e-07
2153.662 -5.414566336196499e-07
2162.078 -8.541885410199653e-07
2170.495 -9.439562841978084e-07
2178.912 -7.432786667412832e-07
2187.328 -4.102836881352146e-07
2195.745 -2.3136476045882505e-06
2204.161 -4.389708129472196e-06
2212.578 -1.2509361380822356e-06
2220.995 -2.2463582631328195e-06
2229.411 -3.4407640926102033e-06
2237.828 -4.62966602291695e-06
2246.245 -5.974479016769188e-06
2254.661 -6.5821757878057805e-06
2263.078 -7.3850451109960065e-06
2271.494 -6.8366484946287075e-06
2279.911 -7.076545062093094e-06
2288.328 -8.530624361213002e-06
2296.744 -1.1314096582173225e-05
2305.161 -8.865222836912377e-06
2313.578 -5.91374116233e-06
2321.994 -1.0218686894361487e-05
2330.411 -6.8526600704607265e-06
2338.827 -1.0928100744663465e-05
2347.244 -1.4150547294612092e-05
2355.661 -1.0127100417549072e-05
2364.077 -6.335533452013134e-06
2372.494 -1.4086373260106538e-05
2380.911 -6.920322370485847e-06
2389.327 -6.49080935156198e-06
2397.744 -5.947729168400027e-06
2406.16 -4.447633557353723e-06
2414.577 -2.122960117897426e-06
2422.994 -2.9007276725638487e-06
2431.41 -2.1870199293511343e-06
2439.827 -1.4256439663278161e-06
2448.244 -1.2105912868579608e-06
2456.66 -8.634274400548761e-07
2465.077 -4.5268983962756476e-07
2473.494 -3.680722076142218e-07
2481.91 -2.1025849450682375e-07
2490.327 -1.5255711953157383e-07
2498.743 -2.3389912396432689e-07
