1009.0 0.0
1017.417 0.0
1025.834 0.0
1034.25 0.0
1042.667 0.0
1051.084 0.0
1059.5 0.0
1067.917 -2.330149541333715e-16
1076.333 -5.696604208874353e-12
1084.75 -1.417360994567744e-09
1093.167 -5.100649382633137e-09
1101.583 1.3880086731217024e-09
1110.0 -1.5299712851698824e-08
1118.417 -6.908808860113477e-08
1126.833 -1.3601050358459428e-07
1135.25 -1.3506496891780357e-07
1143.666 -1.4412246991630746e-07
1152.083 -3.860576230987089e-07
1160.5 -4.3778297850855477e-07
1168.916 -3.670234510687957e-07
1177.333 -1.9164673204654579e-07
1185.75 -1.2627681342780097e-07
1194.166 -6.386266923529453e-08
1202.583 -1.5299633893063964e-08
1210.999 -5.808718181798678e-09
1219.416 -7.193017824980155e-09
1227.833 -2.501598866178549e-09
1236.249 -3.2280911751327035e-09
1244.666 -3.5561030639597553e-10
1253.083 -2.2119457847154075e-11
1261.499 -5.032801297880742e-10
1269.916 -6.429154942075539e-10
1278.332 -8.652063192519515e-10
1286.749 -5.669285782041184e-10
1295.166 -1.269546271023292e-09
1303.582 -4.503191158400833e-09
1311.999 -6.533053688331122e-08
1320.416 -1.2267606529027978e-07
1328.832 -1.8282514367394837e-07
1337.249 -2.6050841679872017e-07
1345.665 -2.990486338200483e-07
1354.082 -1.5676731412106437e-07
1362.499 -2.0878022122695323e-10
1370.915 8.071195468988821e-11
1379.332 1.5086200476445438e-11
1387.749 5.367011397536806e-12
1396.165 -2.376013496924663e-11
1404.582 -3.0383649672134695e-09
1412.999 -6.627367524850091e-08
1421.415 -1.0941222196831211e-07
1429.832 -1.2428354992889371e-07
1438.248 -7.450492685907864e-08
1446.665 -9.226827735791737e-08
1455.082 -2.6918137766163817e-08
1463.498 -5.949315656199789e-09
1471.915 -3.3805397378822775e-08
1480.332 -3.668260156173103e-08
1488.748 -2.836703122373533e-08
1497.165 -5.246982436206192e-09
1505.581 -6.6446816869947376e-09
1513.998 -1.0538540013542083e-08
1522.415 -4.989225911819705e-09
1530.831 -6.038434825497791e-09
1539.248 -4.75398958968838e-09
1547.665 -4.620534153273987e-09
1556.081 -3.791330230363892e-09
1564.498 -2.987165193245659e-09
1572.914 -4.142533479901392e-09
1581.331 -3.1354172635647403e-09
1589.748 -4.709935234404836e-09
1598.164 -7.76377305454124e-09
1606.581 -2.1079726962500382e-08
1614.998 -6.366690341618253e-08
1623.414 -2.856262201936582e-07
1631.831 -8.649850617256922e-07
1640.247 -1.173364486129123e-06
1648.664 -1.0981049238233028e-06
1657.081 -8.126348889478202e-07
1665.497 -2.2184822944498896e-06
1673.914 -7.550442652920805e-07
1682.331 -6.711862146373113e-07
1690.747 -7.637424885014033e-07
1699.164 -9.71882205589726e-07
1707.58 -1.1141962556022154e-06
1715.997 -5.11433010029018e-07
1724.414 -9.887456682707056e-07
1732.83 -8.141043473936713e-07
1741.247 -4.584643968137012e-07
1749.664 -2.4157345796900236e-07
1758.08 -1.6175590553316974e-07
1766.497 -3.4050840948022244e-07
1774.913 -5.762940294483779e-07
1783.33 -3.3806043185797764e-07
1791.747 -6.312559453660902e-07
1800.163 -1.7461327322031657e-07
1808.58 -1.5035398703405803e-07
1816.997 -1.0597040028768149e-07
1825.413 -1.7497217644832598e-09
1833.83 5.912735730328241e-10
1842.246 5.903529826457565e-10
1850.663 6.307979657346317e-10
1859.08 2.098659987705591e-10
1867.496 3.7460106166888165e-10
1875.913 1.711953946402667e-10
1884.33 3.327467951186451e-10
1892.746 5.126812966031233e-10
1901.163 5.698736708444826e-10
1909.579 9.012159058862927e-10
1917.996 9.872433204615702e-10
1926.413 1.1172577190336473e-10
1934.829 -6.897241982136297e-09
1943.246 -1.939816456151245e-08
1951.663 -3.703362349992117e-08
1960.079 -1.8051919172840367e-08
1968.496 -3.3820799714632117e-08
1976.913 -1.0461359724842713e-08
1985.329 -5.387465222378415e-09
1993.746 -7.821162663995773e-09
2002.162 -9.295255352472986e-09
2010.579 -2.058155528398899e-08
2018.996 -2.6957159404778694e-08
2027.412 -1.1986888737004422e-08
2035.829 -6.862293043016199e-09
2044.246 -6.09136342878568e-08
2052.662 -7.455132105869692e-08
2061.079 -1.0237938922704919e-08
2069.495 -9.600873944264083e-09
2077.912 -1.0178008463707197e-08
2086.329 -2.588189274812151e-09
2094.745 -7.624532257686368e-09
2103.162 -7.181614603742038e-09
2111.579 -2.2202390930479888e-08
2119.995 -1.816595223275525e-08
2128.412 -4.681274001060688e-08
2136.828 -1.4385537399004887e-07
2145.245 -2.9325298922879387e-07
2153.662 -5.419590731594772e-07
2162.078 -8.368659932125294e-07
2170.495 -9.696056428189764e-07
2178.912 -8.283740126588044e-07
2187.328 -4.244830641069188e-07
2195.745 -2.305690857879558e-06
2204.161 -4.3733822662441e-06
2212.578 -1.1603044635444314e-06
2220.995 -2.241725244439395e-06
2229.411 -3.514934505769385e-06
2237.828 -4.7149612953706265e-06
2246.245 -6.111334690950125e-06
2254.661 -6.778776090188363e-06
2263.078 -7.745153345958427e-06
2271.494 -7.189628417465924e-06
2279.911 -7.298916407545854e-06
2288.328 -8.673641237421956e-06
2296.744 -1.165552465495665e-05
2305.161 -9.180176825869341e-06
2313.578 -6.219001384611209e-06
2321.994 -1.0683759482882223e-05
2330.411 -6.931817024836889e-06
2338.827 -1.1180576813523154e-05
2347.244 -1.4727287428295743e-05
2355.661 -1.0576263617890995e-05
2364.077 -6.600333274182576e-06
2372.494 -1.481634383887505e-05
2380.911 -7.1286989199110754e-06
2389.327 -6.891689882718022e-06
2397.744 -6.329765996007328e-06
2406.16 -4.682521641880421e-06
2414.577 -2.1555120813323122e-06
2422.994 -2.886798836202395e-06
2431.41 -2.1837028749237686e-06
2439.827 -1.4881312685486988e-06
2448.244 -1.2253017093346186e-06
2456.66 -9.172178213158426e-07
2465.077 -4.761698582023912e-07
2473.494 -3.672014398049622e-07
2481.91 -2.1575212353320698e-07
2490.327 -1.5460452491524752e-07
2498.743 -1.5103490698617098e-07
