2.04464611571678
2.04464611571678
2.04464611571678
2.04464611571678
2.04464611571678
2.0410379166890444
2.029010586596593
2.0109695914579153
1.9833067322452766
1.9592520720603732
1.942413809930941
1.899115421598115
1.854614300256044
1.8137213779417083
1.7788421206735987
1.7451655964147341
1.710286339146624
1.6717988828507788
1.6309059605364433
1.5912157712313528
1.540700984843056
1.4721452033160816
1.3879538926689199
1.2821133878553457
1.170259217995545
1.058405048135745
0.9487157976925858
0.8474456783141431
0.7595258953383215
0.6725682987698961
0.6023286910299785
0.5355770090168718
0.4709902464204065
0.40760621683318626
0.34554519355613583
0.28673154940404727
0.23381129699726
0.18931017565518893
0.1804099513867747
0.1804099513867747
0.1804099513867747
0.1804099513867747
0.1804099513867747
0.1804099513867747
0.16838262129432308
0.15635529120187142
0.14432796110941976
0.13230063101696812
0.11425963587829065
0.07216398055470988
0.03608199027735494