1968.49597 -1.2987724713780909e-05
1976.91333 3.144498022634654e-05
1985.32898 6.119257779136082e-05
1993.74573 4.5329659910217426e-05
2002.16174 1.0018136782228552e-05
2010.5791 7.298355127161229e-05
2018.99609 4.599151442892891e-05
2027.41223 8.332483856002409e-05
2035.82874 9.111024259366318e-05
2044.24634 8.706543459804209e-05
2052.66162 7.934007897143532e-05
2061.0791 8.563124768968069e-05
2069.49463 8.365424102296245e-05
2077.91235 9.411636969399718e-05
2086.3291 9.043743109320299e-05
2094.74512 0.00010201417877385399
2103.16187 0.00011183771872374069
2111.5791 -1.7540198466993096e-05
2119.99438 -7.233600698451626e-05
2128.41162 -0.0003214432647092676
2136.82788 -0.0012388977932484618
2145.24487 -0.0029967921393740976
2153.66187 -0.005935265542367088
2162.07788 -0.008941928739938926
2170.49487 -0.009748667169264195
2178.91211 -0.0075771043965239355
2187.32788 -0.004269499371138941
2195.74487 -0.020976461228530592
2204.16113 -0.043440726318907
2212.57788 -0.011852036267501836
2220.99512 -0.021758096537992582
2229.41064 -0.03416905623843384
2237.82788 -0.046421912331214364
2246.24512 -0.0586011026610792
2254.66089 -0.06505765647871437
2263.07764 -0.06909357674452118
2271.4939 -0.06256345870672815
2279.91089 -0.06452878018634826
2288.32764 -0.07979325416732265
2296.7439 -0.11097563823586037
2305.16064 -0.08463596646664802
2313.57764 -0.047364820826282066
2321.99414 -0.09482304154160409
2330.4104 -0.06701932849475889
2338.8269 -0.10684998056756242
2347.24414 -0.13310380192619234
2355.66064 -0.08979897966505529
2364.0769 -0.056481426557235814
2372.49365 -0.12329270855411054
2380.9104 -0.06290331721247489
2389.32715 -0.060777230512482364
2397.74365 -0.057799079267429145
2406.16016 -0.042390371096368916
2414.5769 -0.020729168194631064
2422.9939 -0.02951155746380869
2431.41016 -0.02180667341443238
2439.8269 -0.014571331515707404
2448.24365 -0.012736036538487747
2456.65967 -0.008286918437598705
2465.0769 -0.004721178999815983
2473.49365 -0.0039374005439557274
2481.91016 -0.002538942074180334
2490.3269 -0.0018255106054636643
2498.74268 -0.0026179036227865792
2507.15991 -0.0015474801331988215
2515.57715 -0.0007372006843230964
