1.9084763383422185
1.9084763383422185
1.9084763383422185
1.9084763383422185
1.9084763383422185
1.9084763383422185
1.9084763383422185
1.9084763383422185
1.9073537052020173
1.9051084389216146
1.9006179063608095
1.891636841239199
1.880410509837186
1.865816279014569
1.8467315156311468
1.8254014859673218
1.8018261900230945
1.7760056277984646
1.7434492667326267
1.7075250062461849
1.6614970474979314
1.5986295916466582
1.5211679049727682
1.42798935433606
1.3370560699797542
1.2551038507450591
1.1843779629123767
1.108038909378688
1.0256376368879123
0.9317855063670831
0.8374843225901736
0.7429586121852237
0.6329405644454957
0.5179829308888821
0.4076280932070938
0.3113061697778219
0.23575295944227403
0.18523446813321534
0.16839497103019574
0.16839497103019574
0.16839497103019574
0.16839497103019574
0.16839497103019574
0.16839497103019574
0.15716863962818273
0.14594230822616966
0.1347159768241566
0.12348964542214355
0.10665014831912398
0.0673579884120783
0.03367899420603915