1.9773405489555655
1.9773405489555655
1.9773405489555655
1.9773405489555655
1.9738511244574088
1.9622197094635525
1.944772586972768
1.9180203324868987
1.894757502499186
1.8784735215077872
1.8366004275299048
1.7935641920526366
1.7540173810735253
1.7202862775913421
1.6877183156085447
1.6539872121263612
1.616766684146021
1.57721987316691
1.5388362036871843
1.4899842607129878
1.4236851952480072
1.3422652902910133
1.2399088383450783
1.131736678902215
1.0235645194593517
0.9224875231627406
0.8293198890619519
0.7488304973044666
0.6683411055469812
0.5873864571897416
0.5212037058746993
0.4572309234084899
0.39488653904142035
0.3345194952233063
0.2775255617534106
0.22611470748056584
0.1830784720032977
0.17447122490784403
0.17447122490784403
0.17447122490784403
0.17447122490784403
0.17447122490784403
0.17447122490784403
0.16283980991398778
0.1512083949201315
0.1395769799262752
0.12794556493241896
0.11049844244163455
0.0697884899631376
0.0348942449815688
