-1.0390179772293564e-05
2.515598417891463e-05
4.895406223113517e-05
3.626372792704958e-05
8.01450942510184e-06
5.8386841014008285e-05
3.6793211540324305e-05
6.665987084558679e-05
7.288819407301165e-05
6.965234767657423e-05
6.3472063175193e-05
6.850499814912177e-05
6.692339281677498e-05
7.529309575365868e-05
7.23499448727799e-05
8.161134301645938e-05
8.947017497706351e-05
-1.4032158775345304e-05
-5.7868805589242716e-05
-0.00025715461176659067
-0.0009911182345931637
-0.0023974337114827087
-0.004748212433860914
-0.007153542991901198
-0.007798933735357415
-0.00606168351717899
-0.0034155994968882615
-0.016781168982707352
-0.03475258105487735
-0.009481629013933039
-0.017406477230271934
-0.027335244990554425
-0.037137529864708675
-0.04688088212853144
-0.05204612518260589
-0.055274861395237754
-0.05005076696504368
-0.051623024148723634
-0.06383460333341723
-0.0887805105880682
-0.0677087731728492
-0.03789185666077318
-0.07585843323275193
-0.053615462795428635
-0.08547998445344618
-0.10648304154021988
-0.07183918373154824
-0.04518514124548154
-0.09863416684262222
-0.0503226537696359
-0.048621784409663096
-0.04623926341362684
-0.03391229687685912
-0.016583334555586214
-0.023609245970875294
-0.01744533873142062
-0.011657065212481586
-0.010188829230717381
-0.006629534750031922
-0.0037769431998274845
-0.003149920435143361
-0.0020311536593317064
-0.001460408484362197
-0.0020943228982178664
-0.0012379841065541803
-0.0005897605474566541
