0.0
0.0
0.0
-2.647275338118392e-08
-2.7595567034781817e-09
-1.8447611597923974e-07
-2.0969072449241212e-08
-7.227671596095017e-07
-3.5923357766789186e-07
-2.8747551507310484e-06
-9.675957239352289e-07
-1.2120561344043427e-07
-2.4439920245053184e-06
-1.3487187268168865e-06
-7.130450595743446e-06
-7.460691116202425e-07
-7.587968549521819e-07
-8.83932882440496e-06
-3.893825133716858e-06
-1.0837392637238211e-05
-4.7760598242762605e-06
-5.858173444223489e-06
-1.2610744662340186e-05
-2.015615992735997e-06
-6.677405361216326e-06
-5.98339778256682e-06
-1.0803096859472763e-05
-2.4144296673182936e-05
-8.531838183452653e-06
-8.72163985321355e-06
-8.833552064019174e-06
-2.1047519155620596e-06
-1.2557392678004373e-05
-2.0085141105151806e-05
-8.297634097271425e-06
-2.814151458208021e-06
-2.133037874768154e-05
-2.2082783699748566e-05
-1.4786096582119344e-06
-6.6055210008912985e-06
-1.2601534954420952e-05
-7.64872455520589e-06
-7.078710240302512e-07
-1.3807748394604783e-06
-2.8808529265127797e-06
-2.4790744177452395e-06
-1.3246562831488835e-06
-1.9229770652621264e-06
-1.4059563873998968e-06
-9.114950455851815e-07
-3.0837993714463744e-07
-3.0579701091088537e-07
-2.5925737298265775e-07
-1.4901471370717958e-07
