1483.97937 -0.00017148753506275138
1491.42627 -6.929467904328095e-05
1498.87268 -3.256848215615603e-05
1506.31885 -3.4388540212896724e-05
1513.76501 -1.1693249251538979e-05
1521.21033 -8.185782030108004e-06
1528.65515 9.665293501056783e-07
1536.10059 3.1005763344181754e-06
1543.54529 5.6543037616793465e-06
1550.98889 6.947087171980053e-06
1558.43347 6.899890850713129e-06
1565.87646 6.860783522704535e-06
1573.31897 6.4736240618687535e-06
1580.76245 7.626481483407664e-06
1588.20532 7.427805622508126e-06
1595.64673 -1.4279527041602793e-06
1603.08838 -8.891717830530496e-05
1610.53015 -0.00032382369960794535
1617.9707 -0.0009290754696143545
1625.41003 -0.0035202039516212752
1632.8512 -0.00755911776634747
1640.29004 -0.008185881703941059
1647.73071 -0.008479037739035168
1655.16931 -0.0067076924182894095
1662.60742 -0.010337465951415126
1670.04565 -0.010888281295923096
1677.48389 -0.004300067740027335
1684.9209 -0.005415035786884934
1692.35803 -0.006711371653136724
1699.79529 -0.009436072884459898
1707.23181 -0.01187520954243013
1714.66663 -0.005363315634449111
1722.10303 -0.00788182844953146
1729.5387 -0.009630939482508975
1736.97302 -0.005495116284121722
1744.40735 -0.0033126042823915826
1751.84094 -0.0019315624764339415
1759.27502 -0.001689220564359442
1766.70801 -0.0035656826437749263
1774.14172 -0.005617988368053142
1781.5741 -0.003519015448244817
1789.00732 -0.005595077884454924
1796.43835 -0.003504184086925453
1803.86987 -0.001907519986018032
1811.30103 -0.002541674020510336
1818.73157 -0.003177606487201047
1826.16089 -0.0005080049401361506
1833.59058 -6.074173298396485e-07
1841.02039 1.0692637340583193e-05
1848.44934 1.135966058398617e-05
1855.87695 1.1735002991562863e-05
1863.30469 1.2470558458369375e-05
1870.73328 1.004007539020965e-05
1878.16052 6.074536382523549e-06
1885.58643 7.516529725710745e-07
1893.01318 7.501920901558389e-06
1900.43933 1.1993400007312169e-05
1907.86401 1.3985328942338224e-05
1915.28931 1.8564622974480864e-06
1922.71289 -6.376621168505807e-05
1930.13721 -4.9124334285195864e-05
1937.5603 -7.919612491343187e-05
1944.98328 -0.00011456249296390382
1952.40723 -5.252320607128863e-05
1959.82983 -2.2951787984299367e-05
1967.25195 -3.19434902170667e-05
1974.67371 -4.335608045901001e-05
1982.09387 -2.2661744186568982e-05
1989.5144 4.395344278161385e-06
1996.9353 -1.601548859992593e-05
2004.35461 3.5098370352824397e-07
2011.77429 1.7289443678731375e-05
2019.19299 1.1626530924199417e-05
2026.61206 1.887533874506508e-05
2034.0304 1.634497802896935e-05
2041.44727 1.861443405560048e-05
2048.86548 2.2467781209529534e-05
2056.28076 2.2122943835376868e-05
2063.69629 2.5690628175792355e-05
2071.11206 2.8166672527065333e-05
2078.52759 2.9810559706656742e-05
2085.94238 2.8491868280908316e-05
2093.35645 2.4933719690420597e-05
2100.7688 1.985601914408522e-05
2108.18213 1.3008059046338194e-05
2115.59448 -3.2478823363030496e-05
2123.00684 -0.00016153378865108557
2130.41748 -0.0004923990491919707
2137.82935 -0.0012474486462379017
2145.23877 -0.0026376300755753487
2152.64893 -0.004658547373398661
2160.05762 -0.0068654738754977815
2167.46729 -0.0083232593191194
2174.87524 -0.0072430905719484216
2182.2832 -0.004831004525869237
2189.69067 -0.003446545837678844
2197.09741 -0.025022667037238277
2204.50293 -0.034642103016788404
2211.90942 -0.010145705817871144
2219.31445 -0.016987134249746787
2226.71948 -0.024383543766147237
2234.12329 -0.035262049907987404
2241.52734 -0.042930215294109404
2248.92969 -0.05124488048265379
2256.33374 -0.05464965136934224
2263.73511 -0.056678616356788544
2271.13672 -0.0514527402104297
2278.53784 -0.05205260755897148
2285.93848 -0.061103377573943934
2293.33838 -0.08330391462233716
2300.73828 -0.09104594999231597
2308.13647 -0.04626257687170227
2315.53418 -0.04979562254106495
2322.93237 -0.07098228846484107
2330.32983 -0.056017170478154375
2337.72632 -0.08410436089109374
2345.12134 -0.10830382788135282
2352.51685 -0.08746071548064178
2359.91235 -0.05103225840499363
2367.30713 -0.06249804062028279
2374.70068 -0.08892360989267498
2382.09351 -0.048533233607438046
2389.48608 -0.049782776673693414
2396.87793 -0.049042709604223224
2404.26929 -0.03747958196143428
2411.65991 -0.021424193602856658
2419.05176 -0.022228418104522356
2426.44019 -0.026337700075185645
2433.83008 -0.016349193428483993
2441.21826 -0.013115326973689948
2448.6062 -0.011162218345535904
2455.99414 -0.00797008559284457
2463.38159 -0.00537677877298045
2470.76807 -0.004494804939457396
2478.15332 -0.0024938012996024014
2485.53784 -0.0020618119114337993
2492.92358 -0.0018942573240025007
